Params:
{'populationSize': 100, 'mutationRate': 0.1, 'crossoverRate': 1.0, 'crossoverSelect': 1, 'generations': 100, 'chromosomeSize': 26, 'elitism': 2}

Generation Data:
Generation   Average Fitness    Best Fitness Average Fitness    Best Fitness Average Fitness    Best Fitness Average Fitness    Best Fitness Average Fitness    Best Fitness Average Fitness    Best Fitness Average Fitness    Best Fitness Average Fitness    Best Fitness Average Fitness    Best Fitness Average Fitness    Best Fitness
0  0.7106466318607764    0.6058773761713521  0.7149197590361446    0.6485978580990628  0.7110072101740295    0.6632856760374835  0.7195604819277108    0.6500361445783133  0.7118216760374833    0.6228813922356091  0.7083542754399388    0.6673666411629686  0.7067933175210405    0.6520644223412395  0.7116897995409335    0.6695003825554707  0.7084805218056619    0.6673666411629686  0.7093994583014538    0.648966182096404
1  0.6870469451137885    0.5938291834002678  0.6966112476572959    0.6263651941097724  0.694983298527443    0.5851622489959839  0.6982299732262384    0.6068168674698795  0.6912504712182062    0.6184396251673361  0.6991715164498852    0.6641446059678655  0.697968752869166    0.6520644223412395  0.7025464682478959    0.6687730680948738  0.7003253940321347    0.6450546289211935  0.6998883136954859    0.6337017597551645
2  0.6640423882195448    0.584303078982597  0.6755682623828647    0.611639625167336  0.6766813975903614    0.5503563587684069  0.6820994752342703    0.582964390896921  0.6715020829986613    0.5889884872824632  0.6862595424636573    0.6549632746748278  0.6890005830145371    0.6443755164498853  0.6935528875286917    0.6537352716143843  0.688867233358837    0.6450546289211935  0.6897954108645753    0.6337017597551645
3  0.6415513360107095    0.5454926372155288  0.6575836331994646    0.5978350736278446  0.6396367523427041    0.5201834002677376  0.660635609103079    0.5294168674698795  0.646733563587684    0.5624963855421686  0.681133533282326    0.6427214996174446  0.6831124376434583    0.6379882172915072  0.6871802433052793    0.6506748278500382  0.6799499066564652    0.6389337413925018  0.6849713588370314    0.6337017597551645
4  0.6010129451137884    0.49395341365461853  0.6371167068273093    0.5812380187416332  0.6016013601070951    0.5073287817938421  0.6225333092369478    0.5113445783132531  0.6187166586345382    0.5183196787148594  0.6791409579188982    0.6390197398622801  0.675854530986993    0.625926855394032  0.6841792700841621    0.6506748278500382  0.6727838194338179    0.6259268553940323  0.6715081897475135    0.6309406273909719
5  0.5666621767068273    0.4714460508701472  0.6173407255689424    0.5603440428380189  0.5651362516733601    0.49862730923694776  0.5925163641231593    0.5113445783132531  0.5927775046854084    0.5141593038821956  0.6735526381025249    0.6390197398622801  0.6629393358837032    0.6115135424636572  0.6792740153022189    0.6312826319816374  0.6585941667941851    0.6229902065799541  0.6632846641162969    0.6283081866870697
6  0.5322801606425702    0.459397858099063  0.5986679678714859    0.544811780455154  0.5399968888888889    0.4915459170013386  0.5606244203480589    0.5021290495314591  0.5704444765729585    0.5073285140562249  0.672766440703902    0.6366384085692425  0.6570002295332823    0.6115135424636572  0.6755872241775057    0.6177750573833206  0.6496751369548585    0.6175106350420811  0.6556068722264728    0.6283081866870697
7  0.5000228005354752    0.43329344042838014  0.5760579170013387    0.5221914323962518  0.5214823962516734    0.47037751004016065  0.5351230361445783    0.48242570281124497  0.5425206934404284    0.46114377510040166  0.6666626579954094    0.635873297628156  0.647000635042081    0.6115135424636572  0.6719872440703902    0.6177750573833206  0.6485795271614384    0.6175106350420811  0.6434641744452947    0.6225244070390206
8  0.4751134939759036    0.4247290495314592  0.5599192021419009    0.4939416331994644  0.5056711057563588    0.45788969210174024  0.5165447764390897    0.451825702811245  0.5185985488621152    0.39493145917001343  0.6558488508033665    0.6343430757459831  0.6293034475899005    0.6035582249426169  0.6691968859984698    0.6014433052792656  0.6320558347360368    0.6092182096403977  0.6413026457536343    0.6141081866870695
9  0.45809892637215527    0.4153582329317269  0.5411570120481928    0.48246345381526107  0.49178728246318604    0.4424021419009371  0.5004561499330655    0.43236224899598386  0.49373466666666666    0.39493145917001343  0.6494022494261668    0.6199297628156083  0.6152187635807193    0.6020280030604437  0.6579109716908953    0.6014433052792656  0.6258431323641929    0.6092182096403977  0.6347557368018363    0.6133430757459833
10  0.4380155421686747    0.4018342704149933  0.5223545408299867    0.44513199464524766  0.4757383025435074    0.43035421686747  0.4838414591700134    0.43236224899598386  0.4653182945113788    0.373552610441767  0.6470708477429227    0.6199297628156083  0.6095208875286917    0.5989675592960979  0.6396446579954094    0.5792550879877583  0.617659961744453    0.597741545524101  0.6327902264728386    0.6133430757459833
11  0.42478713253012046    0.3817539491298528  0.5037069799196787    0.4297370816599733  0.45956473092369476    0.42274082998661316  0.4624824631860776    0.4221847389558233  0.43351932530120485    0.373552610441767  0.6361676250956388    0.6191646518745219  0.6067305156847743    0.5962113236419282  0.6184615286916603    0.5792550879877583  0.6162832257077276    0.597741545524101  0.6243177964804897    0.609517521040551
12  0.4129442891566265    0.3722655957161981  0.4821530414993307    0.39554805890227573  0.4454485515394913    0.41734163319946455  0.449455140562249    0.4161606425702812  0.4054161445783132    0.36944390896921014  0.6269120979342006    0.6136850803366489  0.6032644009181332    0.5915828615149197  0.601898922723795    0.5517110941086456  0.6101137781178271    0.594821729150727  0.6187830573833206    0.6087524100994645
13  0.400914610441767    0.35765756358768397  0.45958915127175365    0.39554805890227573  0.4313047228915663    0.3888548862115127  0.43868443105756355    0.41152771084337353  0.3908866613119143    0.35137161981258364  0.6230621897475134    0.6045037490436114  0.5991441331293037    0.586264881407804  0.5917414843152257    0.5448250956388677  0.606010856924254    0.5917234889058913  0.6141628783473604    0.6087524100994645
14  0.3892558340026774    0.35765756358768397  0.44462586880856764    0.38737884872824624  0.42254341365461845    0.3888548862115127  0.4288682838018742    0.3957378848728246  0.380144406961178    0.33865408299866134  0.6185144391736802    0.6044659525631219  0.5954157306809487    0.5847346595256312  0.5722087727620505    0.5264624330527925  0.6036858010711553    0.5876315225707728  0.6111564743687835    0.6041617444529456
15  0.3740783025435073    0.3325451137884872  0.4221502918340027    0.38737884872824624  0.41129369745649264    0.37292771084337356  0.4189264979919679    0.3881006693440428  0.3719841606425702    0.33865408299866134  0.6137531063504208    0.5970792654934967  0.5903847605202754    0.5801061973986227  0.5580690726855394    0.5203415455241011  0.5983593144605969    0.5802846212700842  0.6092401377199694    0.6033966335118592
16  0.3624373842034806    0.32680267737617125  0.4037499732262383    0.3565890227576975  0.40132493172690764    0.35701445783132524  0.40964739223560914    0.3781978580990629  0.36016385274431056    0.33397643908969205  0.6092196863045142    0.5906939556235655  0.5876988462127009    0.5801061973986227  0.548337909716909    0.5043980107115532  0.594732817138485    0.5792550879877582  0.6072394292272381    0.5980786534047436
17  0.3556199250334672    0.3067223560910308  0.391777844712182    0.32546398929049536  0.39046040428380185    0.3521852744310577  0.4036798607764391    0.3781978580990629  0.34887952878179385    0.309255421686747  0.6035868094873756    0.5906939556235655  0.58587986993114    0.5785759755164498  0.5393890298393267    0.4936864575363427  0.5949022234123948    0.5727195103289977  0.604505156847743    0.5937146136189747
18  0.34420866666666666    0.3067223560910308  0.37324746184738955    0.3073392235609103  0.37670389825970546    0.33277429718875495  0.3947145917001339    0.36093199464524767  0.34130328781793845    0.304380187416332  0.5986599938791124    0.5887868400918134  0.5823226411629686    0.5755155317521041  0.5431858102524866    0.49153175210405503  0.5825675608263198    0.5708388676358073  0.6017731828615149    0.5905135424636573
19  0.33353741365461853    0.30577135207496653  0.35257440963855424    0.3073392235609103  0.3622579357429718    0.3267502008032128  0.3850934618473896    0.36093199464524767  0.33135672289156626    0.304380187416332  0.594688570772762    0.583845753634277  0.5807740076511094    0.5755155317521041  0.5247853297628156    0.469202907421576  0.5785638714613619    0.5700737566947207  0.5988172226472839    0.5897484315225708
20  0.319112390896921    0.2830136546184739  0.338864655957162    0.30471432396251674  0.3535658955823293    0.3267502008032128  0.37838687282463185    0.35463346720214184  0.3241848995983936    0.2973515394912985  0.5913370895179801    0.5822777352716145  0.5795737949502677    0.5747504208110176  0.5114887161438408    0.469202907421576  0.5738859112471308    0.5693086457536344  0.5949879296097934    0.5869524100994644
21  0.3089515957161981    0.28195662650602415  0.328566749665328    0.30136760374832655  0.3419819651941098    0.3258107095046854  0.3675097590361446    0.3366985274431058  0.31464948058902276    0.2891751004016064  0.5887052609028309    0.5784521805661821  0.5772556312165265    0.5732201989288447  0.49083328385615915    0.45619602142310633  0.5721205340474369    0.5679022188217291  0.591610442234124    0.5843926549349656
22  0.3023438527443106    0.28195662650602415  0.3178963694779116    0.2859726907630522  0.33659569477911644    0.31950495314591704  0.35947921552878176    0.3366985274431058  0.30465306827309235    0.2867269076305221  0.5843640198928844    0.5700359602142312  0.5760249915837796    0.568629533282326  0.48085460749808717    0.4500751338944146  0.571089026778883    0.5647179801071156  0.5892937811782708    0.5815966335118592
23  0.2974499732262383    0.27698955823293175  0.31056941365461843    0.2859726907630522  0.3326213253012048    0.31950495314591704  0.35196869611780457    0.32571887550200795  0.298158093708166    0.2867269076305221  0.5805171185921959    0.5648039785768937  0.5756709303749044    0.568629533282326  0.47594340168324406    0.44868982402448354  0.5704580749808722    0.563952869166029  0.5865117077276205    0.5793013006885999
24  0.2903501204819277    0.2685697456492638  0.30848862115127174    0.2800859437751004  0.3287793815261044    0.31077858099062916  0.3407333788487283    0.31754939759036155  0.2951903828647925    0.27526318607764394  0.5766493328232594    0.5648039785768937  0.5733276694720735    0.5663342004590665  0.4637411905126243    0.4453606732976281  0.5688680627390972    0.563952869166029  0.5863513098699312    0.5789130833970927
25  0.28538384738955824    0.2685697456492638  0.29938043641231593    0.26923908969210175  0.32244496385542165    0.295291030789826  0.334832203480589    0.31754939759036155  0.2905686104417671    0.27526318607764394  0.5730132578423871    0.5594482019892886  0.5711854583014537    0.5663342004590665  0.45869246059678653    0.43711048201989283  0.5682473267023718    0.5616197398622801  0.5840412517214997    0.5757799540933436
26  0.28050658902275777    0.26790040160642564  0.29298838554216866    0.25317483266398927  0.3196965140562249    0.29301285140562244  0.3260918259705489    0.31754939759036155  0.2861639303882195    0.26870682730923695  0.569110350420811    0.5594482019892886  0.5686672700841622    0.5632737566947208  0.46274396633511855    0.4240613618974752  0.5664390482019893    0.5579179801071155  0.5814320413159908    0.5716899770466718
27  0.27834613922356094    0.2645536813922357  0.28330209906291837    0.23510254350736282  0.3123665729585007    0.28966613119143236  0.32507102008032135    0.31754939759036155  0.2811152637215529    0.26870682730923695  0.5651188722264728    0.5563877582249426  0.5674042264728385    0.5612428462127009  0.44528633511859217    0.4240613618974752  0.56533093496557    0.5577941851568479  0.5797627543993878    0.569731752104055
28  0.2729051780455154    0.25919892904953146  0.2699359518072289    0.2344331994645248  0.30249463721552877    0.2725333333333333  0.32134340562249003    0.31754939759036155  0.2762469665327979    0.26870682730923695  0.5617460918133129    0.5563877582249426  0.5657578194338179    0.5612428462127009  0.45964677582249425    0.41437934200459065  0.5631050084162204    0.5577941851568479  0.5776035960214231    0.5686295332823259
29  0.270526672021419    0.2504974564926372  0.25798618473895585    0.2344331994645248  0.2973298634538153    0.2725333333333333  0.3224186291834003    0.3171502008032129  0.272952093708166    0.26870682730923695  0.5599322387146137    0.5563877582249426  0.5644375149196633    0.5610162203519511  0.44057379495026777    0.4118195868400918  0.5612745049732212    0.5556226472838562  0.5730201958684009    0.5640388676358071
30  0.2649660883534137    0.24514270414993306  0.2468837483266399    0.22773975903614457  0.28964791700133863    0.2725333333333333  0.31990329317269084    0.31353333333333333  0.2719243186077644    0.26870682730923695  0.558557078806427    0.5563877582249426  0.5631861667941852    0.5563877582249426  0.4328767192042846    0.4057409334353481  0.5607196220351951    0.5556226472838562  0.5710495684774292    0.5632737566947208
31  0.25807373493975905    0.24514270414993306  0.24033541365461847    0.22718795180722892  0.284643625167336    0.2682471218206158  0.3192019437751005    0.3059087014725569  0.2706278500669344    0.26870682730923695  0.5575733175210406    0.5563877582249426  0.5622160596786534    0.5563877582249426  0.4377205814843152    0.4029026778882938  0.558437039020658    0.5533273144605968  0.5684311782708492    0.559909104820199
32  0.2521812048192771    0.243804016064257  0.23538766265060243    0.21569156626506025  0.2771341659973226    0.2502273092369478  0.3192457536813923    0.2921341365461847  0.2725092530120482    0.2630945113788487  0.557123622035195    0.5563877582249426  0.5607035700076511    0.5540924254016832  0.4293760964039785    0.4006495791889823  0.558111248661056    0.5533273144605968  0.5661761377199693    0.5547337413925018
33  0.24688617938420346    0.2109925033467202  0.23370729049531458    0.20899812583668007  0.2723047309236948    0.2502273092369478  0.3150772423025435    0.2921341365461847  0.2724689585006693    0.24528005354752344  0.5575549380260137    0.5563877582249426  0.5591031415455241    0.5533273144605968  0.41094235654169853    0.38353159908186685  0.5564421361897476    0.5533273144605968  0.563339726090283    0.5545533282325937
34  0.24381879518072289    0.2109925033467202  0.23075975100401608    0.20871646586345383  0.2643795234270415    0.2502273092369478  0.3108905381526105    0.27272315930388213  0.26873044444444444    0.243134672021419  0.5567049089517979    0.5556226472838564  0.557886286151492    0.550992195868401  0.40697035654169844    0.38353159908186685  0.5555665401683244    0.5525622035195102  0.5593685554705432    0.5537882172915073
35  0.2339579437751004    0.2109925033467202  0.22523107898259706    0.20871646586345383  0.258335625167336    0.2502273092369478  0.2999991512717537    0.26254564926372154  0.26294452476572955    0.22305435073627844  0.5570286273909716    0.5556226472838564  0.5563071124713084    0.550992195868401  0.40478730068859975    0.38353159908186685  0.5553585952563121    0.5525622035195102  0.5570074812547819    0.5537882172915073
36  0.22005378580990625    0.2109925033467202  0.2186785863453815    0.20871646586345383  0.2556988808567604    0.2502273092369478  0.2903698902275769    0.26254564926372154  0.25347022757697457    0.22305435073627844  0.5574759510328997    0.5548575363427697  0.5545522417750575    0.5464791124713083  0.4059731384850803    0.38353159908186685  0.5537207115531753    0.5501430757459831  0.5549449426166794    0.5505312930374905
37  0.2160339892904953    0.2109925033467202  0.21535613386880859    0.20336171352074967  0.2532351298527443    0.2502273092369478  0.27887065863453814    0.26254564926372154  0.24421910575635877    0.20207336010709503  0.5570169885233359    0.5532035195103291  0.5521723427697016    0.5456762050497322  0.3994610849273144    0.3807566947207345  0.5538970191277736    0.5478477429227238  0.5542678286151492    0.5461371078806426
38  0.21402875502008029    0.2109925033467202  0.21209405890227578    0.20336171352074967  0.25416676037483266    0.2502273092369478  0.2724537242302543    0.25183614457831327  0.2331963668005355    0.20207336010709503  0.5562541973986229    0.5532035195103291  0.5504581453710788    0.5444104055087988  0.3940459648048967    0.3784402448355011  0.552791193573068    0.5441459831675592  0.5539239326702372    0.5444104055087987
39  0.21347878714859436    0.2109925033467202  0.2112917938420348    0.20282971887550202  0.25418468005354755    0.24816680053547527  0.2671144578313253    0.25183614457831327  0.22418350736278447    0.20207336010709503  0.5561524452945679    0.5525622035195104  0.5487145478194337    0.5436452945677124  0.39614182249426166    0.3784402448355011  0.5508650466717674    0.5441459831675592  0.5511389013006887    0.5398924254016831
40  0.21582360374832665    0.2109925033467202  0.21371568674698796    0.20282971887550202  0.25367403480589024    0.24816680053547527  0.2607584953145917    0.2471507362784471  0.21703940294511376    0.19789370816599733  0.5550386687069626    0.5516732976281561  0.5468794919663351    0.5413877582249427  0.3874355516449885    0.3784402448355011  0.5494062662586076    0.5441459831675592  0.5496719296097935    0.5398924254016831
41  0.21553365461847387    0.2109925033467202  0.2105470281124498    0.20282971887550202  0.25489555823293175    0.2284091030789826  0.25820483534136546    0.2471507362784471  0.20952248995983935    0.19789370816599733  0.553879000765111    0.5516732976281561  0.5451923932670237    0.5383273144605967  0.3885712578423871    0.3784402448355011  0.5466263611323642    0.5426157612853864  0.5460339280795715    0.5377208875286916
42  0.21456174029451136    0.2109925033467202  0.20748729585006692    0.20282971887550202  0.253239906291834    0.2284091030789826  0.2551943212851406    0.2471507362784471  0.20783795716198125    0.19507925033467205  0.5532121851568479    0.5501430757459833  0.5448801622035195    0.5329337413925018  0.38276843917368014    0.3784402448355011  0.545430142310635    0.5426157612853864  0.545176999234889    0.5349646518745218
43  0.21356560910307898    0.20558527443105762  0.20747911111111111    0.20282971887550202  0.24365486746987952    0.2284091030789826  0.2512302382864793    0.2471507362784471  0.205071718875502    0.19507925033467205  0.5524798117827086    0.5486128538638102  0.5418696220351952    0.5304117827084925  0.3803291537872991    0.3707591430757459  0.5448448798775822    0.5410855394032135  0.5416259127773526    0.5349646518745218
44  0.21589730388219544    0.20558527443105762  0.20667904417670685    0.20282971887550202  0.23533507362784473    0.2089456492637215  0.25099042302543506    0.2471507362784471  0.2030706184738956    0.19186961178045517  0.5518472456006122    0.5486128538638102  0.5405920887528691    0.5295690895179802  0.38132606120887524    0.3707591430757459  0.5437423641928079    0.5410855394032135  0.5396358163733741    0.5349646518745218
45  0.21258285676037483    0.2002966532797857  0.20905817670682733    0.20282971887550202  0.2300392717536814    0.2089456492637215  0.24889240428380188    0.2471507362784471  0.19932726639892906    0.19186961178045517  0.5506020872226474    0.5472064269319051  0.5363738760520275    0.5295690895179802  0.37849418056618206    0.3654333588370313  0.5429263397092579    0.5403204284621269  0.5394613435348125    0.5349646518745218
46  0.21212112449799198    0.2002966532797857  0.20666315662650603    0.20282971887550202  0.23040888085676037    0.2089456492637215  0.2492474752342704    0.24179598393574295  0.19742604551539494    0.19186961178045517  0.549509377199694    0.544787299158378  0.5334821469013007    0.5265484315225709  0.37854711859219586    0.3628736036725326  0.5427863534812548    0.5380628921193572  0.5392793848508033    0.5349646518745218
47  0.21180175100401605    0.2002966532797857  0.20704325568942436    0.1926522088353414  0.22596139759036146    0.2089456492637215  0.24926401070950469    0.24179598393574295  0.19484491298527445    0.19186961178045517  0.5492210558530987    0.5432570772762051  0.5314340856924253    0.5265484315225709  0.37669515072685533    0.3613433817903596  0.5418701101759755    0.5380628921193572  0.5375901530221882    0.5349646518745218
48  0.20652977777777776    0.2002966532797857  0.2054356546184739    0.1926522088353414  0.2212057831325301    0.2089456492637215  0.25200696653279786    0.24179598393574295  0.19463319410977245    0.19186961178045517  0.5486818347360367    0.5432570772762051  0.5305966258607498    0.5257833205814845  0.37039735730680945    0.3571730680948738  0.5413375562356542    0.5380628921193572  0.5381783091048201    0.5349646518745218
49  0.20563186077643902    0.1995654618473895  0.20710127443105758    0.1827493975903614  0.21427085408299862    0.2089456492637215  0.24928004819277105    0.2225223560910308  0.19563297724230255    0.1782082998661312  0.5466776924254017    0.5383622035195104  0.5295088263198164    0.5257833205814845  0.37276454169854634    0.3571730680948738  0.5407329961744453    0.5380628921193572  0.5357932456006121    0.5341135424636572
50  0.20257034805890217    0.17820829986613115  0.20096057028112452    0.1827493975903614  0.21543786880856758    0.2089456492637215  0.2443246987951807    0.2225223560910308  0.19352073627844713    0.17232128514056225  0.5448735424636573    0.5383622035195104  0.5278449762815609    0.5234879877582249  0.36164823565416987    0.35121377199693954  0.5396961622035195    0.5380628921193572  0.5354691782708493    0.5303739862280031
51  0.20282253012048185    0.17820829986613115  0.1945325702811245    0.1827493975903614  0.212051266398929    0.2089456492637215  0.23853613654618475    0.2116755020080321  0.19195597054886215    0.17232128514056225  0.5432526472838561    0.5383622035195104  0.5278617352716145    0.5234879877582249  0.36366684774292274    0.35121377199693954  0.5396113297628156    0.5380628921193572  0.5351818362662586    0.5303739862280031
52  0.2007877135207496    0.17820829986613115  0.1873059036144578    0.1827493975903614  0.21446464257028108    0.2089456492637215  0.2324329718875502    0.2116755020080321  0.18504376974564926    0.17232128514056225  0.5421463091048202    0.5383622035195104  0.526753859219587    0.5234879877582249  0.35731228309104823    0.35121377199693954  0.5394044789594491    0.5380628921193572  0.5345269747513389    0.5303739862280031
53  0.19497534672021413    0.17820829986613115  0.18657145649263718    0.1827493975903614  0.21452631057563581    0.2089456492637215  0.22412551807228914    0.2116755020080321  0.17822247925033466    0.17232128514056225  0.5394330956388677    0.5383622035195104  0.5262718944146901    0.5234879877582249  0.361612234123948    0.35121377199693954  0.5387951308339709    0.5380628921193572  0.5325093481254782    0.5303739862280031
54  0.1850883614457831    0.17820829986613115  0.18699389558232926    0.1827493975903614  0.21150151807228912    0.2089456492637215  0.2196278875502008    0.2116755020080321  0.1755307095046854    0.17232128514056225  0.5391128431522572    0.5383622035195104  0.5248452563121653    0.5234879877582249  0.3599314843152257    0.35121377199693954  0.5388802050497321    0.5380628921193572  0.5318597306809488    0.5303739862280031
55  0.1812822516733601    0.17820829986613115  0.18643537081659972    0.1778647925033467  0.21063653815261038    0.2089456492637215  0.21527171887550195    0.2116755020080321  0.17612442570281125    0.17232128514056225  0.5390951920428463    0.5383622035195104  0.5252160015302219    0.5234879877582249  0.3532047360367253    0.33323978576893654  0.5398772884468247    0.5372977811782707  0.5309892930374905    0.5303739862280031
56  0.18469243908969207    0.17820829986613115  0.18853780455153946    0.1778647925033467  0.21394244444444438    0.2089456492637215  0.2179388112449799    0.2116755020080321  0.176644953145917    0.17232128514056225  0.5398869227237949    0.536759296097934  0.5249795562356542    0.5234879877582249  0.35813428003060443    0.33323978576893654  0.5393508263198163    0.5372977811782707  0.5311212149961745    0.5303739862280031
57  0.18083756894243638    0.17820829986613115  0.18498344042838016    0.1698945113788487  0.21161737081659968    0.2089456492637215  0.21444178580990628    0.2116755020080321  0.17658203212851403    0.17232128514056225  0.5386806656465187    0.536759296097934  0.5255119112471308    0.5234879877582249  0.35225039326702373    0.3310849273144606  0.5387659418515685    0.5372977811782707  0.5307530175975517    0.5303739862280031
58  0.18181749665327973    0.17820829986613115  0.1846461178045515    0.1698945113788487  0.21564238286479245    0.2089456492637215  0.21739362516733596    0.2116755020080321  0.1764488246318608    0.170613922356091  0.5392010604437644    0.5360668706962509  0.5241195899005355    0.5234879877582249  0.34748254169854625    0.3215364957918898  0.5386730910482019    0.5372977811782707  0.5314723366488141    0.5303739862280031
59  0.1813689665327978    0.17820829986613115  0.17979867202141897    0.1698945113788487  0.21138492369477904    0.2089456492637215  0.21683281659973222    0.2116755020080321  0.17602670414993304    0.15841499330655956  0.5387296327467483    0.5359941851568478  0.5250410941086457    0.5166019892884468  0.3422375638867636    0.3215364957918898  0.5397390298393266    0.5372977811782707  0.5311779066564652    0.5303739862280031
60  0.18120893440428376    0.17820829986613115  0.17455515394912982    0.1698945113788487  0.2108806613119143    0.2089456492637215  0.2165619009370816    0.2116755020080321  0.1779642436412316    0.15841499330655956  0.5377325600612088    0.5359941851568478  0.5237067115531752    0.5166019892884468  0.33173755776587605    0.3215364957918898  0.5378865386381025    0.5357675592960979  0.5314460719204286    0.5303739862280031
61  0.1801430254350736    0.17820829986613115  0.17523329852744307    0.1698945113788487  0.21333669344042833    0.2089456492637215  0.2157071084337349    0.2116755020080321  0.1734871218206158    0.15841499330655956  0.5375447192042846    0.5340757459831675  0.5249132364192808    0.5166019892884468  0.32615275592960985    0.3215364957918898  0.5399955791889823    0.5341995409334354  0.531042208110176    0.5303739862280031
62  0.18125528514056222    0.17820829986613115  0.17449855421686744    0.1698945113788487  0.21204385274431053    0.2089456492637215  0.21368344846050868    0.2116755020080321  0.16852663989290495    0.15841499330655956  0.5370381499617445    0.5326693190512625  0.5209511996939556    0.5166019892884468  0.3286191828615149    0.3215364957918898  0.5375601744452945    0.5341995409334352  0.5314790482019894    0.5303739862280031
63  0.1822688567603748    0.17820829986613115  0.17408144310575632    0.1698945113788487  0.2104969022757697    0.2089456492637215  0.21666292637215526    0.2116755020080321  0.16475310843373492    0.15841499330655956  0.5367471951032899    0.5326693190512625  0.5183593420045907    0.5166019892884468  0.3236658729915838    0.3215364957918898  0.5378092287681713    0.5341995409334352  0.5316827390971691    0.5303739862280031
64  0.1825581659973226    0.17820829986613115  0.17330136546184735    0.1698945113788487  0.212307938420348    0.2089456492637215  0.21449106291834    0.2116755020080321  0.16293164123159304    0.15841499330655956  0.5356301667941852    0.5280786534047436  0.5172366136189747    0.5166019892884468  0.3308758224942616    0.3215364957918898  0.5360791583779647    0.5341995409334352  0.5310277658760522    0.5303739862280031
65  0.18236297724230252    0.17820829986613115  0.1731872208835341    0.1698945113788487  0.21126757161981252    0.2089456492637215  0.2141747898259705    0.2116755020080321  0.15995511914323962    0.15841499330655956  0.5345761912777353    0.5280786534047436  0.5182672670237184    0.5166019892884468  0.32797900688599846    0.3215364957918898  0.5348378791124712    0.5341995409334352  0.5311693955623566    0.5284535577658761
66  0.1840218259705488    0.17820829986613115  0.17314910040160642    0.1698945113788487  0.21243232663989287    0.2089456492637215  0.2148615582329317    0.2116755020080321  0.1611496358768407    0.15841499330655956  0.5327287926549349    0.5280786534047436  0.5181998224942617    0.5166019892884468  0.3258523427697016    0.3215364957918898  0.5348914169854627    0.532206426931905  0.533082208110176    0.5284535577658761
67  0.18060860776439086    0.1755172690763052  0.1748510147255689    0.1698945113788487  0.21158310307898254    0.2089456492637215  0.21472639892904952    0.2116755020080321  0.16075575903614456    0.15841499330655956  0.5311817597551645    0.5280786534047436  0.5187418684009181    0.5166019892884468  0.3318460137719969    0.31847605202754403  0.5350387788829379    0.5291459831675592  0.5312161285386382    0.5284535577658761
68  0.18321059705488618    0.1755172690763052  0.17267640428380188    0.1698945113788487  0.21092806425702806    0.2089456492637215  0.21455364123159298    0.2116755020080321  0.16006619544846049    0.15841499330655956  0.5295889517980106    0.5280786534047436  0.517836064269319    0.5166019892884468  0.32845054475899005    0.31847605202754403  0.5349508140780412    0.5291459831675592  0.5309048676358072    0.5284535577658761
69  0.18128662382864788    0.1755172690763052  0.1726357643908969    0.1698945113788487  0.2119156599732262    0.2089456492637215  0.21342996519410973    0.2116755020080321  0.1611646425702811    0.15841499330655956  0.5292589961744452    0.5280786534047436  0.5177993756694721    0.5166019892884468  0.325432376434583    0.29931048201989285  0.5334887039020657    0.5250182096403978  0.5325623917368019    0.5284535577658761
70  0.18208940829986608    0.1755172690763052  0.17454761445783132    0.1698945113788487  0.21294327978580985    0.2089456492637215  0.21423187148594372    0.2116755020080321  0.16090926372155287    0.15841499330655956  0.5282968217291506    0.5280786534047436  0.5182839556235654    0.5166019892884468  0.3247627605202754    0.29931048201989285  0.532003375669472    0.5250182096403978  0.5307007192042846    0.5284535577658761
71  0.1801664444444444    0.1755172690763052  0.1739443721552878    0.1698945113788487  0.21086049263721549    0.2089456492637215  0.21572455421686743    0.2116755020080321  0.16266808032128513    0.15841499330655956  0.5287076189747513    0.5280786534047436  0.518531973986228    0.5166019892884468  0.3169923947972456    0.29931048201989285  0.5296459433817903    0.5242908951798011  0.5301456832440704    0.5284535577658761
72  0.18097341633199462    0.1755172690763052  0.17283746987951804    0.1698945113788487  0.2108184979919678    0.2089456492637215  0.21490525301204816    0.2116755020080321  0.16148903346720214    0.15841499330655956  0.5283679280795714    0.5238250956388677  0.5175181178270849    0.5166019892884468  0.30703708492731446    0.2917998469778118  0.5293764009181331    0.5242908951798011  0.5293873970925784    0.5284535577658761
73  0.17795410441767065    0.1755172690763052  0.1730214966532798    0.1698945113788487  0.21438258902275767    0.2089456492637215  0.2161244364123159    0.2116755020080321  0.16067213386880855    0.15841499330655956  0.5290574231063503    0.5238250956388677  0.5175140183626625    0.5166019892884468  0.3001243825554705    0.28784162203519503  0.5268421622035195    0.5242908951798011  0.5292679877582249    0.5284535577658761
74  0.17744366800535474    0.1755172690763052  0.1726364283801874    0.1698945113788487  0.21093845247657292    0.2089456492637215  0.21566000803212848    0.2116755020080321  0.16178931726907628    0.15841499330655956  0.5289574996174444    0.5238250956388677  0.5174026717674063    0.5166019892884468  0.3079033251721499    0.287333129303749  0.5251614736036726    0.5242908951798011  0.5290065279265493    0.5265862280030604
75  0.17697237483266395    0.1755172690763052  0.17165492904953145    0.1698945113788487  0.21450416599732258    0.2089456492637215  0.2131235180722891    0.2116755020080321  0.15916302008032127    0.15841499330655956  0.52895041469013    0.5238250956388677  0.5173647176740627    0.5166019892884468  0.29905680030604437    0.2821178270849274  0.5260862111706198    0.5242908951798011  0.5296195745983168    0.5265862280030604
76  0.1782225568942436    0.1755172690763052  0.17259228915662647    0.1698945113788487  0.21358722623828644    0.2089456492637215  0.21441244176706825    0.2116755020080321  0.16191523962516732    0.15841499330655956  0.528121687834736    0.5238250956388677  0.5175437153787299    0.5166019892884468  0.2981548278500383    0.28171293037490436  0.525078104055088    0.5235257842387145  0.5306615791889824    0.5246280030604438
77  0.1799251004016064    0.1755172690763052  0.175357046854083    0.1698945113788487  0.21239242570281122    0.2089456492637215  0.21583395448460505    0.2116755020080321  0.16297806961178044    0.15841499330655956  0.5262953435348126    0.5238250956388677  0.5182701928079572    0.5166019892884468  0.2941829747513389    0.2728986993114002  0.5246136480489672    0.5219955623565417  0.5281288599846978    0.5235257842387145
78  0.1809217563587684    0.1755172690763052  0.17323652476572957    0.1698945113788487  0.2122113119143239    0.2089456492637215  0.21396530923694776    0.2116755020080321  0.16081448192771083    0.15841499330655956  0.5248995072685539    0.5231837796480491  0.5183207850038256    0.5166019892884468  0.29485045906656465    0.26219495026778883  0.5245884345830145    0.5219955623565417  0.5276312425401684    0.5197002295332822
79  0.17848061579651936    0.1755172690763052  0.17292666666666665    0.1698945113788487  0.2121903962516733    0.2089456492637215  0.21335903882195445    0.2116755020080321  0.16341474966532796    0.15841499330655956  0.5248063687834736    0.5231837796480491  0.5189993618974751    0.5166019892884468  0.28144207192042847    0.26219495026778883  0.5234898500382555    0.5219955623565417  0.5255047237949503    0.5197002295332822
80  0.17847790896921015    0.1755172690763052  0.17469858902275767    0.1698945113788487  0.21347346720214186    0.2089456492637215  0.21359343239625164    0.2116755020080321  0.16149803212851402    0.15841499330655956  0.5245698423871462    0.5224186687069626  0.518184142310635    0.5166019892884468  0.2861989594491201    0.26219495026778883  0.5242797383320581    0.5219955623565417  0.524897271614384    0.5186309104820198
81  0.17828220883534132    0.1755172690763052  0.1717792315930388    0.1698945113788487  0.21224204016064252    0.2089456492637215  0.2141885301204819    0.2116755020080321  0.1609036144578313    0.15841499330655956  0.524538806426932    0.5224186687069626  0.5184484820198929    0.5166019892884468  0.2688683274674828    0.26188293802601376  0.5226730910482019    0.5209262433052793  0.5227338928844683    0.5151095638867637
82  0.17789377510040158    0.1755172690763052  0.17393491030789826    0.1698945113788487  0.21338485943775098    0.2089456492637215  0.21497617135207495    0.2116755020080321  0.1629336519410977    0.15841499330655956  0.5238347972456007    0.5202639632746748  0.5171482402448355    0.5166019892884468  0.2684013787299158    0.26142203519510326  0.5237182081101759    0.5173671002295334  0.5203611262433052    0.5151095638867637
83  0.17942470147255687    0.1755172690763052  0.17458078447121816    0.1698945113788487  0.21069500937081656    0.2089456492637215  0.21461062918340024    0.2116755020080321  0.1623249236947791    0.15841499330655956  0.5236466273909718    0.5202639632746748  0.517359429227238    0.5166019892884468  0.2667967559296098    0.26142203519510326  0.5225559877582249    0.5173671002295334  0.5191185340474368    0.5151095638867637
84  0.17760815261044172    0.1755172690763052  0.1750014002677376    0.1698945113788487  0.21483572423025432    0.2089456492637215  0.21512112985274429    0.2116755020080321  0.16061466934404284    0.15841499330655956  0.5221036220351951    0.5202639632746748  0.5174084697781178    0.513237337413925  0.2653184223412395    0.25963519510329  0.5218580856924254    0.5173671002295334  0.5182593573068095    0.5151095638867637
85  0.17902269076305216    0.1755172690763052  0.1728788487282463    0.1698945113788487  0.21491620615796514    0.2089456492637215  0.21625287817938418    0.2116755020080321  0.15983887014725567    0.15841499330655956  0.522041233358837    0.5202639632746748  0.5183208967100229    0.513237337413925  0.27098395103289974    0.25963519510329  0.5203695210405509    0.5158368783473604  0.5156004238714614    0.5151095638867637
86  0.17811798393574294    0.1755172690763052  0.17380069076305218    0.1698945113788487  0.21119342971887545    0.2089456492637215  0.21540533333333328    0.2116755020080321  0.1641582516733601    0.15841499330655956  0.5211803091048202    0.5181322111706197  0.5176372501912777    0.513237337413925  0.2703813404743688    0.25193649579188987  0.5191909533282326    0.5158368783473604  0.5158263473603673    0.5151095638867637
87  0.18101836947791164    0.1755172690763052  0.17371090763052205    0.1698945113788487  0.21221989022757692    0.2089456492637215  0.21626172958500667    0.2116755020080321  0.16101632396251675    0.15841499330655956  0.5207240413159908    0.5181322111706197  0.5181486350420811    0.513237337413925  0.26770055241009943    0.25193649579188987  0.518234610558531    0.5158368783473604  0.5160183810252488    0.5151095638867637
88  0.17886121552878176    0.1755172690763052  0.17387083534136544    0.1698945113788487  0.2142035957161981    0.2089456492637215  0.21673685943775098    0.2116755020080321  0.16364088353413653    0.15841499330655956  0.5206088324407039    0.5181322111706197  0.5150115914307575    0.513237337413925  0.26071928385615917    0.2511600612088753  0.5176811736801836    0.5158368783473604  0.5163023320581485    0.5151095638867637
89  0.17996909504685404    0.1755172690763052  0.17714728514056222    0.1698945113788487  0.21184372690763048    0.2089456492637215  0.21746171887550197    0.2116755020080321  0.16533683266398927    0.15841499330655956  0.5203296266258607    0.5181322111706197  0.515267181331293    0.512011323641928  0.25642026013772    0.24153848508033673  0.5171796006120888    0.5158368783473604  0.5157949319051263    0.5151095638867637
90  0.1777174002677376    0.1755172690763052  0.173192093708166    0.1698945113788487  0.21192899866131185    0.2089456492637215  0.21432717269076304    0.2116755020080321  0.16181715930388219    0.15841499330655956  0.5192838576893649    0.5181322111706197  0.5137656908951798    0.512011323641928  0.2610441392501913    0.24153848508033673  0.5166496694720735    0.5158368783473604  0.5167939112471309    0.5151095638867637
91  0.17905084337349395    0.1755172690763052  0.17214718072289156    0.1698945113788487  0.21316468005354747    0.2089456492637215  0.2136343962516733    0.2116755020080321  0.1613601285140562    0.15841499330655956  0.5188013970925784    0.5181322111706197  0.5145067084927314    0.5120113236419279  0.25408699311400157    0.24153848508033673  0.5172614001530222    0.5158368783473604  0.516614740627391    0.5151095638867637
92  0.18010412583668003    0.1755172690763052  0.1707157617135207    0.1698945113788487  0.21089258902275765    0.2089456492637215  0.21464981526104412    0.2116755020080321  0.1601918768406961    0.15841499330655956  0.5191074414690129    0.5181322111706197  0.514581531752104    0.5120113236419279  0.25444863198163736    0.24153848508033673  0.5166003825554705    0.5158368783473604  0.5171788385615915    0.5151095638867637
93  0.17731627041499326    0.1755172690763052  0.1740237617135207    0.1698945113788487  0.21045089692101737    0.2089456492637215  0.2136031459170013    0.2116755020080321  0.16175116465863454    0.15841499330655956  0.5188837551644988    0.5181322111706197  0.5145847299158377    0.5097537872991583  0.24772529915837802    0.24153848508033673  0.517213973986228    0.5158368783473604  0.5161315807192044    0.5151095638867637
94  0.17887650066934402    0.1731542168674699  0.17524953413654615    0.16751593038821955  0.21337700133868803    0.2089456492637215  0.21605265595716194    0.2116755020080321  0.16086928246318608    0.15841499330655956  0.5189093527161438    0.5181322111706197  0.5129155149196633    0.5097159908186687  0.25712958990053564    0.24153848508033673  0.5164526197398623    0.5140024483550114  0.5157162387146137    0.5151095638867637
95  0.17897497991967867    0.1731542168674699  0.17235104149933062    0.16751593038821955  0.210536516733601    0.2089456492637215  0.21678482463186075    0.2116755020080321  0.16101379116465864    0.15841499330655956  0.518479882172915    0.5181322111706197  0.5127484544758989    0.5097159908186687  0.2568507651109412    0.24153848508033673  0.5171400061208875    0.5140024483550114  0.5162464514154553    0.5120113236419281
96  0.1792441927710843    0.1574586345381526  0.17386810441767064    0.16751593038821955  0.21160470414993302    0.2089456492637215  0.21557575903614457    0.2116755020080321  0.16091235876840695    0.15841499330655956  0.5188348752869165    0.5181322111706197  0.5122584407039019    0.5097159908186687  0.2654727054322878    0.24153848508033673  0.5168268967100229    0.5119715378729917  0.5161355378729917    0.5120113236419281
97  0.17873813386880855    0.1574586345381526  0.1729238313253012    0.16751593038821955  0.2122201713520749    0.2089456492637215  0.21486571352074965    0.2116755020080321  0.1609443186077644    0.15841499330655956  0.5194784085692425    0.5181322111706197  0.5113297964804896    0.5097159908186687  0.2547116281560827    0.24153848508033673  0.517637856159143    0.5119715378729917  0.5180734384085693    0.5120113236419281
98  0.1747537215528782    0.1574586345381526  0.17235706559571617    0.16751593038821955  0.21231198929049527    0.2089456492637215  0.2136848567603748    0.2116755020080321  0.15964967603748326    0.15841499330655956  0.5188421285386381    0.5181322111706197  0.510681597551645    0.5097159908186687  0.260804001530222    0.24153848508033673  0.5153182142310635    0.5117071155317522  0.5145569089517981    0.5112462127008417
99  0.165601421686747    0.1574586345381526  0.17164746720214188    0.16751593038821955  0.2134799036144578    0.2089456492637215  0.21308691030789823    0.2116755020080321  0.16204551004016066    0.15841499330655956  0.5190489900535578    0.5181322111706197  0.510683831675593    0.5097159908186687  0.24446074827850048    0.24153848508033673  0.5137573603672533    0.5117071155317522  0.515342143840857    0.5112462127008417
