Params:
{'populationSize': 100, 'mutationRate': 0.1, 'crossoverRate': 1.0, 'crossoverSelect': 1, 'generations': 100, 'chromosomeSize': 26, 'elitism': 2}

Generation Data:
Generation   Average Fitness    Best Fitness Average Fitness    Best Fitness Average Fitness    Best Fitness Average Fitness    Best Fitness Average Fitness    Best Fitness Average Fitness    Best Fitness Average Fitness    Best Fitness Average Fitness    Best Fitness Average Fitness    Best Fitness Average Fitness    Best Fitness
0  0.7124255261044177    0.6472214190093709  0.7092505756358769    0.6418666666666665  0.7115991057563588    0.6416227576974565  0.7107369129852745    0.5608760374832664  0.7105922409638555    0.5788112449799196  0.7150472777352717    0.6680939556235653  0.7148238163733741    0.6573824024483551  0.709969557765876    0.6650713083397092  0.7082614093343534    0.6676310635042081  0.7129512241775058    0.6680079571537872
1  0.6971079223560911    0.6272784471218206  0.6901574618473896    0.6031820615796519  0.6958582918340026    0.6258024096385542  0.6946665408299866    0.5608760374832664  0.6919863132530121    0.5788112449799196  0.6980211859219587    0.6496452945677123  0.6988274231063504    0.6573824024483551  0.696917519510329    0.6451406273909716  0.6968280520275439    0.6522050497322112  0.7005491583779648    0.6611219586840091
2  0.6761609799196787    0.5994540829986615  0.6667590093708167    0.5903271753681393  0.6787286987951808    0.5816781793842035  0.6616728540829986    0.5608760374832664  0.6691802677376171    0.5572591700133869  0.6899933022188217    0.6496452945677123  0.6904543075745982    0.64581973986228  0.6889911430757459    0.6451406273909716  0.691158817138485    0.6482388676358071  0.6954551323641929    0.6611219586840091
3  0.6476565702811246    0.5950125836680054  0.6380305729585006    0.5645568942436414  0.6610829317269077    0.5654243641231593  0.628585234270415    0.53214672021419  0.6465305060240963    0.5572591700133869  0.6798167345065035    0.6404261667941851  0.6846585478194338    0.64581973986228  0.6794261545524101    0.6411912777352714  0.6827951690895179    0.6361377199693955  0.6857867574598316    0.6237175210405509
4  0.6224034805890227    0.5552773761713521  0.615181327978581    0.5214776439089692  0.6375747737617136    0.5654243641231593  0.5942432690763052    0.5288926372155287  0.604941922356091    0.5255906291834002  0.6690361943381791    0.6366006120887528  0.6760650283091049    0.6404639632746749  0.6674329502677888    0.6355690895179801  0.6735025677123183    0.6361377199693955  0.6821575256312166    0.6237175210405509
5  0.6007069049531459    0.5327638554216867  0.5877706184738956    0.5201834002677376  0.6047960240963856    0.5254532797858099  0.5671668808567604    0.500247389558233  0.573194203480589    0.5169809906291835  0.6612715761285386    0.6327750573833205  0.6709456878347361    0.6257086457536342  0.6586412654934964    0.6320477429227238  0.6656797429227238    0.6343430757459833  0.6786330451415455    0.6237175210405509
6  0.5764573092369478    0.5030698795180722  0.56217681124498    0.4840388219544846  0.5782102275769746    0.4967635876840696  0.5498028460508702    0.49514323962516743  0.5462865836680053    0.49265542168674703  0.6559875042081101    0.6312448355011476  0.6598534231063504    0.6257086457536342  0.6505851889824024    0.6210319816373374  0.660069753634277    0.6295342004590664  0.6711909686304515    0.6197681713848507
7  0.5542530682730924    0.4728567603748326  0.5386108139223561    0.4840388219544846  0.5588425917001338    0.4967635876840696  0.5360900776439089    0.48716358768406953  0.5276426907630521    0.48069210174029464  0.6483456250956388    0.623717521040551  0.6524839648048968    0.6127017597551645  0.6484759831675594    0.6210319816373374  0.6498311155317521    0.6295342004590664  0.6600651201224177    0.6197681713848507
8  0.5310878607764391    0.44698821954484613  0.514952639892905    0.45578929049531464  0.541825796519411    0.4841831325301205  0.5184435341365462    0.4836589022757699  0.5073526452476572    0.4577973226238287  0.6425681897475134    0.6110477429227239  0.6405063427697015    0.6041617444529455  0.6459723442999235    0.6205332823259373  0.6446183121652639    0.626956388676358  0.6522463596021423    0.6144123947972457
9  0.5029711887550201    0.4356093708165998  0.49309693172690766    0.44068246318607773  0.5273617590361446    0.4826720214190094  0.5059497724230254    0.45799410977242294  0.48543573226238285    0.43450736278447116  0.6313428079571538    0.6105868400918134  0.6282150283091048    0.5957455241009946  0.6392465677123182    0.6198919663351186  0.6357943519510328    0.6265115531752103  0.6394684009181332    0.6067612853863811
10  0.47489000535475234    0.4130955823293173  0.4734199170013387    0.40764899598393584  0.5118404899598393    0.46530441767068276  0.49439069076305225    0.4419298527443106  0.47284076305220885    0.4310235609103079  0.6228062999234889    0.6014055087987757  0.6180646442234125    0.5858413159908186  0.6338880367253252    0.6094826319816374  0.6317031461361897    0.6222250956388675  0.6239724835501148    0.6030595256312167
11  0.4522432610441767    0.39142329317269076  0.4571036947791165    0.40411244979919675  0.4992575823293173    0.4646350736278447  0.4816466265060241    0.43523641231593035  0.4599631137884873    0.4251271753681392  0.6146654950267789    0.6014055087987757  0.6096153465952563    0.5858413159908186  0.6270610038255547    0.6040030604437643  0.6281803397092578    0.6183995409334353  0.6179359372609029    0.6007641928079571
12  0.4329043052208836    0.39142329317269076  0.438643983935743    0.37469906291833993  0.48815968406961174    0.44909558232931723  0.46727936278447124    0.4106077643908969  0.44797551807228914    0.41503453815261043  0.6092111155317521    0.5943390971690896  0.6023212287681714    0.5835037490436111  0.6194076587605203    0.600177505738332  0.6255276602907421    0.6163686304514153  0.6147242127008417    0.5885602142310635
13  0.4213248942436412    0.3891362784471219  0.4199680589022758    0.37469906291833993  0.47502467469879517    0.43384524765729576  0.44762770816599734    0.40859973226238283  0.4372057295850067    0.4050562248995983  0.6047139234889058    0.5922241775057383  0.5945517964804896    0.5827386381025249  0.6113800596786534    0.5946811017597552  0.6226443335883703    0.6127395562356541  0.6054208905891355    0.5838079571537874
14  0.40947102811244984    0.350229718875502  0.40403698259705484    0.3581954484605087  0.4641384042838018    0.42103560910307897  0.4344720240963856    0.39989825970548865  0.4251212878179384    0.38885488621151276  0.5998468278500383    0.58932532517215  0.5887524238714613    0.5789130833970926  0.6050287926549349    0.5883986228003061  0.6193481407804131    0.6127395562356541  0.6002011124713084    0.5838079571537874
15  0.39467814725568945    0.34420562248995984  0.388668655957162    0.3403670682730924  0.45226844712182057    0.41816867469879515  0.4235419571619813    0.3985070950468541  0.41425806961178047    0.3810123159303882  0.5970913251721499    0.5857990818668707  0.5852966947207344    0.5727921958684008  0.6002587635807192    0.5843066564651874  0.6170965524100994    0.6099435348125478  0.594624844682479    0.5830428462127009
16  0.3809480562248996    0.3221172690763053  0.37481322623828645    0.32028674698795184  0.44156748862115125    0.4069269076305221  0.4132967951807229    0.3984224899598394  0.4045147014725569    0.3775285140562249  0.5921291323641928    0.5778108645753635  0.5818490160673297    0.569773986228003  0.5966668079571538    0.5835459831675592  0.6147159250191278    0.6045877582249427  0.5898585110941087    0.5816364192807958
17  0.36393119946452474    0.3221172690763053  0.35762706559571616    0.3109159303882195  0.43201108701472557    0.4069269076305221  0.4079850736278447    0.3845033467202142  0.39531797054886214    0.36748835341365454  0.5881445570007652    0.5769219586840093  0.5793095608263198    0.5677406273909718  0.5921500091813313    0.5809135424636571  0.6119821423106351    0.6033617444529455  0.586107533282326    0.5816364192807957
18  0.3459637831325301    0.31179544846050866  0.34926745649263724    0.3109159303882195  0.42299730923694784    0.3950232931726908  0.4036162275769745    0.38263266398929047  0.3839979491298527    0.35347228915662643  0.5850450420811018    0.5758526396327469  0.5751894537107881    0.5616197398622799  0.5886840856924254    0.5793833205814845  0.6100698286151492    0.5985066564651874  0.5855053175210405    0.5801061973986228
19  0.3315568487282463    0.30471432396251685  0.3422695716198126    0.3109159303882195  0.41343291834002677    0.38537081659973216  0.3976400535475234    0.38263266398929047  0.3728100696117804    0.33803721552878185  0.5807724361132365    0.5716039785768937  0.5712586151491966    0.5616197398622799  0.5847678469778118    0.5747926549349656  0.6072238592195869    0.5985066564651874  0.5830230573833206    0.5732201989288448
20  0.32362591164658633    0.2899887550200803  0.33773216599732264    0.3109159303882195  0.4024013842034806    0.3763341365461847  0.39393778313253014    0.38263266398929047  0.3605202891566265    0.3280372155287818  0.5779971736801837    0.5674364192807957  0.5680862249426166    0.5585592960979342  0.5823278530986993    0.568367559296098  0.6045720351951033    0.5983430757459832  0.5814567635807193    0.5732201989288448
21  0.315504578313253    0.2899887550200803  0.3242556813922356    0.3109159303882195  0.3954913306559572    0.376  0.39156991967871485    0.3779472556894244  0.35072322623828645    0.31809397590361443  0.5766339908186687    0.5643759755164499  0.5644398974751339    0.5552368783473604  0.579400922723795    0.567099311400153  0.6027481713848508    0.5880595256312166  0.5797104713083397    0.5732201989288448
22  0.3101440696117805    0.2711477911646586  0.3153151352074966    0.282041499330656  0.38891626238286475    0.36462115127175365  0.38567103882195447    0.3758867469879518  0.34242608032128513    0.3138789825970549  0.5726799403213466    0.56161973986228  0.5613286488140781    0.5493779648048966  0.5760235286916603    0.5645420045906657  0.5998653741392502    0.58334506503443  0.5783389104820199    0.5716899770466718
23  0.302987686746988    0.27057777777777775  0.3121216171352075    0.282041499330656  0.38195243373493976    0.35729611780455156  0.3841373092369478    0.3758867469879518  0.3354919491298527    0.2825443105756359  0.5714041591430757    0.5575277735271613  0.5573385937260903    0.5493779648048966  0.5725584391736802    0.5645420045906657  0.5959485478194338    0.5816742157612854  0.5756980045906657    0.5677406273909719
24  0.2934731218206158    0.2529858099062918  0.3090233708165997    0.2787874163319946  0.37793464257028114    0.3555319946452477  0.38228542704149937    0.3758867469879518  0.3223716706827309    0.2825443105756359  0.566014778882938    0.5575277735271613  0.5547451170619739    0.5417268553940321  0.5690551721499617    0.5636530986993116  0.5916255087987758    0.5796433052792656  0.573181545524101    0.5662104055087986
25  0.2823406265060241    0.24039544846050873  0.30316489959839354    0.2787874163319946  0.37096021954484604    0.3265587684069612  0.3814036760374833    0.3745480589022757  0.30933118072289156    0.28120562248995984  0.5628280183626626    0.5544673297628157  0.5509498898240245    0.5349646518745218  0.5665635623565417    0.5601317521040551  0.5868062356541699    0.5758177505738331  0.5713386610558531    0.5639150726855394
26  0.2726485167336011    0.24039544846050873  0.2936158152610442    0.2668969210174029  0.3602336064257028    0.3265587684069612  0.3786394002677376    0.3712013386880856  0.2976787389558233    0.27807791164658635  0.5600251752104055    0.5521719969395562  0.5481319265493496    0.5349646518745218  0.5653307039020659    0.5577941851568478  0.5839267957153788    0.5711032899770467  0.5706734965570007    0.5602133129303749
27  0.2660111512717537    0.24039544846050873  0.28595795716198125    0.2475649263721553  0.3544473895582329    0.3265587684069612  0.3771196867469879    0.3712013386880856  0.2865568460508701    0.27378018741633203  0.5575377612853863    0.5506417750573833  0.5451289808722265    0.5334344299923488  0.5638472318286152    0.5577941851568478  0.579571066564652    0.569354858454476  0.5668259678653405    0.5563877582249426
28  0.2561130763052209    0.23031780455153947  0.27987144310575635    0.23811512717536812  0.3477313627844712    0.3222610441767069  0.3756630093708166    0.3712013386880856  0.2833963694779117    0.27378018741633203  0.555819909716909    0.5506417750573833  0.5409970252486611    0.5316000000000001  0.561821260902831    0.55477597551645  0.5754222387146136    0.5671371078806426  0.5652325784238714    0.5563877582249426
29  0.24936652208835342    0.22649370816599737  0.26999228647925033    0.23811512717536812  0.33650421419009374    0.30873038821954496  0.37456316198125833    0.36723775100401607  0.28350671753681395    0.27378018741633203  0.5541528309104821    0.5506039785768936  0.53761319510329    0.5303739862280031  0.5604030420811018    0.5496423871461362  0.5733829961744453    0.5654433052792655  0.5604710084162203    0.5548575363427697
30  0.24097289959839358    0.2183164658634538  0.257853140562249    0.22776626506024095  0.32277564658634544    0.29601285140562245  0.3728750066934403    0.3329116465863453  0.2816818313253012    0.27378018741633203  0.5530882249426167    0.5506039785768936  0.5353995256312165    0.5271897475133893  0.5576284376434583    0.5496423871461362  0.5697170145371079    0.5640368783473604  0.5582134843152258    0.5517970925784239
31  0.23349205354752342    0.21696840696117808  0.24755018741633197    0.2193389558232931  0.3113936305220884    0.29601285140562245  0.36939313520749656    0.3329116465863453  0.2784721419009371    0.2624637215528782  0.5527012869166029    0.5484324407039021  0.5330395761285387    0.5271897475133893  0.5552036342769702    0.5481543993879114  0.5688893175210405    0.5633115531752104  0.5582607345065034    0.5517970925784239
32  0.22641558768406958    0.21696840696117808  0.23835142168674697    0.2193389558232931  0.3077334618473896    0.28926693440428386  0.3599331619812583    0.3329116465863453  0.2771845836680054    0.2624637215528782  0.5513954827850038    0.5462777352716145  0.5315205019127773    0.5238250956388677  0.5522598882938027    0.5418506503443  0.5673144529456772    0.5633115531752104  0.5556921775057383    0.5502668706962511
33  0.2263817670682731    0.21696840696117808  0.2310518099062918    0.2054704149933065  0.3031738875502008    0.28926693440428386  0.3483512637215529    0.33157295850066937  0.2749410896921018    0.25548862115127174  0.5516275822494261    0.5462777352716145  0.5290715776587605    0.5222948737566947  0.5495388247895945    0.5408235654169854  0.5654168951798011    0.562242234123948  0.5543524422341239    0.5502668706962511
34  0.22286018741633198    0.21696840696117808  0.22473215796519408    0.19243668005354753  0.29876902811244976    0.28865435073627843  0.34430414190093706    0.31537135207496647  0.27172353681392236    0.2536995983935743  0.5500376985462893    0.5462777352716145  0.5275577551644989    0.5222948737566947  0.5476079648048967    0.5369557765876052  0.5648245677123183    0.5610162203519511  0.5531033680183627    0.5479715378729917
35  0.2244267121820616    0.21696840696117808  0.2173246666666666    0.19243668005354753  0.29559238554216866    0.2816749665327979  0.33737284337349394    0.31537135207496647  0.2653663882195449    0.2309419009370817  0.5489648599846978    0.5462777352716145  0.5255349456771232    0.5199995409334354  0.5445427253251721    0.5338137719969396  0.5636821025248662    0.5558870696250956  0.5530522172915073    0.5464413159908187
36  0.2205323078982597    0.21234484605087017  0.2123419678714859    0.19243668005354753  0.29470675234270416    0.27325515394912986  0.3321201070950468    0.29542838018741646  0.2586198206157965    0.2309419009370817  0.5489047130833971    0.5462777352716145  0.5240018546289211    0.5169390971690896  0.541849596021423    0.5338137719969396  0.5621773542463657    0.5558870696250956  0.5524759785768938    0.5426157612853864
37  0.21909574297188755    0.21234484605087017  0.2060418099062918    0.19243668005354753  0.29142385274431054    0.27096546184738957  0.3235121633199464    0.2824816599732263  0.2507550281124498    0.2309419009370817  0.5491437337413925    0.545512624330528  0.5227874154552411    0.5169390971690896  0.5385086120887529    0.5316422341239478  0.5618156220351951    0.5558870696250956  0.5496639801071157    0.5410855394032136
38  0.2212534029451138    0.21234484605087017  0.19845703614457832    0.19243668005354753  0.28844250066934407    0.27029611780455154  0.31519281659973225    0.27272315930388225  0.23946233467202144    0.2309419009370817  0.5473637811782709    0.5401568477429228  0.5208321392501913    0.5169390971690896  0.5362985554705432    0.5314035195103289  0.5602197765876052    0.5525602142310635  0.5469312104055088    0.5410855394032136
39  0.21844462918340027    0.21234484605087017  0.196659890227577    0.18505060240963853  0.28616539491298526    0.27029611780455154  0.3027527443105757    0.27272315930388225  0.23358594109772426    0.22955876840696124  0.5467525707727622    0.5401568477429228  0.5193156480489671    0.5169390971690896  0.5346401514919663    0.5280811017597551  0.5582767314460597    0.5525602142310635  0.5440045493496557    0.540320428462127
40  0.21589818206157968    0.21234484605087017  0.19450027309236947    0.18505060240963853  0.27816562248995985    0.27029611780455154  0.2938292931726908    0.25593708165997325  0.23373482463186082    0.22955876840696124  0.545287182861515    0.5401568477429228  0.518887507268554    0.5162117827084928  0.5337133879112471    0.5280811017597551  0.5591585707727621    0.5484324407039022  0.5423318102524867    0.540320428462127
41  0.21567426773761716    0.20230468540829985  0.19446976439089692    0.18505060240963853  0.275980749665328    0.27029611780455154  0.2847734457831326    0.25593708165997325  0.23292806961178047    0.22955876840696124  0.5444351491966336    0.5386266258607497  0.5173981101759756    0.5154088752869166  0.5317816679418516    0.5280811017597551  0.555871311400153    0.5484324407039022  0.5413533282325939    0.5395553175210406
42  0.2166875368139224    0.18490174029451134  0.19429172423025434    0.18505060240963853  0.27477847121820614    0.27029611780455154  0.27293789825970555    0.25593708165997325  0.2333689933065596    0.21878313253012047  0.5429354736036726    0.5376348890589137  0.5173158867635808    0.513541545524101  0.5304961713848507    0.5262442234123947  0.5549208599846978    0.5449488905891355  0.5427531384850804    0.5372599846977811
43  0.2128902436412316    0.18490174029451134  0.19275705756358769    0.18505060240963853  0.2748759170013387    0.27029611780455154  0.2661876921017403    0.25593708165997325  0.23172628647925037    0.2120013386880857  0.5409947727620505    0.5376348890589137  0.5165411491966335    0.5120113236419281  0.5297496587605203    0.5243937260902831  0.5531131522570774    0.5449488905891355  0.5417079785768937    0.5357297628156081
44  0.21130406157965193    0.18490174029451134  0.19052495582329315    0.18505060240963853  0.2751416331994645    0.27029611780455154  0.2632804444444445    0.25593708165997325  0.2302131164658635    0.21014779116465862  0.5401186136189748    0.5331469013006885  0.5167945003825555    0.5118875286916603  0.5287911415455241    0.5243937260902831  0.5500161530221882    0.5398575363427697  0.5405489824024484    0.5349646518745218
45  0.20092886211512717    0.18490174029451134  0.18902563587684068    0.18505060240963853  0.27353062918340026    0.27029611780455154  0.25846821954484606    0.25593708165997325  0.2269973681392236    0.21014779116465862  0.5414146289211935    0.5331469013006885  0.5148626319816373    0.5115484315225708  0.5281944483550114    0.5233666411629686  0.5492494598316756    0.5398575363427697  0.5377759785768936    0.5311390971690894
46  0.1905299973226238    0.18490174029451134  0.18627634270414992    0.18505060240963853  0.274436    0.2696267737617134  0.25917742971887553    0.25593708165997325  0.2194401900937082    0.21014779116465862  0.5382884315225708    0.5331469013006885  0.5139830420811018    0.5072968630451417  0.5263412058148431    0.515977505738332  0.5458910328997705    0.5395155317521041  0.5371910527926549    0.530373986228003
47  0.18787193842034802    0.18490174029451134  0.18705969210174025    0.18505060240963853  0.27353254886211514    0.2689574297188755  0.25828489959839357    0.25593708165997325  0.21668672556894245    0.21014779116465862  0.5385155271614385    0.5331469013006885  0.5130960443764345    0.5072968630451417  0.5242272104055088    0.515977505738332  0.5428862295332824    0.5375622035195105  0.5357368798775822    0.530373986228003
48  0.18796640963855415    0.18490174029451134  0.18901433199464523    0.18505060240963853  0.2733433467202142    0.2689574297188755  0.2577461526104418    0.25593708165997325  0.2134789236947791    0.21014779116465862  0.5355407161438408    0.5305524100994644  0.5120215042081102    0.5043980107115532  0.5215316312165263    0.515977505738332  0.5411907237949503    0.5375622035195105  0.5340062203519511    0.5273135424636574
49  0.186727360107095    0.18490174029451134  0.18918960910307894    0.18505060240963853  0.27324632396251675    0.2689574297188755  0.2591200722891567    0.25593708165997325  0.21298873360107096    0.21014779116465862  0.5340142662586075    0.5305524100994644  0.5109967559296098    0.5043980107115532  0.5190218852333588    0.5126128538638102  0.5404876189747514    0.5375622035195105  0.5318136480489671    0.5265484315225708
50  0.18796832128514052    0.17753895582329315  0.1895496439089692    0.18505060240963853  0.2726727336010709    0.25625140562248994  0.25895412851405625    0.25593708165997325  0.21561726639892903    0.21014779116465862  0.5338333420045906    0.5305524100994644  0.5085750680948739    0.5035951032899769  0.5170448064269318    0.5126128538638102  0.539463104820199    0.5375622035195105  0.5317173787299159    0.5265484315225708
51  0.18917334136546182    0.17753895582329315  0.18705870950468537    0.18505060240963853  0.27029475502008027    0.25625140562248994  0.26151211512717537    0.25593708165997325  0.21328782329317267    0.21014779116465862  0.533122844682479    0.5285562356541699  0.5067906656465188    0.5035951032899769  0.5161009839326702    0.5126128538638102  0.5396367727620506    0.5375622035195105  0.5295557092578425    0.5265484315225708
52  0.18958169745649261    0.17753895582329315  0.1866364631860776    0.18381124497991969  0.27321389022757697    0.25625140562248994  0.2588325167336011    0.25593708165997325  0.21392478714859436    0.21014779116465862  0.5324802785003826    0.5285562356541699  0.5056093404743688    0.5035951032899769  0.5155502172915072    0.5126128538638102  0.5381902494261669    0.5375622035195105  0.5282348661055853    0.5265484315225708
53  0.1888708647925033    0.17753895582329315  0.18761945917001338    0.18381124497991969  0.26813968674698796    0.25625140562248994  0.2574422597054886    0.25593708165997325  0.21354468540829985    0.2064382864792503  0.531189416985463    0.5285562356541699  0.5049375271614384    0.5035951032899769  0.514117361897475    0.5092153022188217  0.5384125799540934    0.5367970925784239  0.5274667314460597    0.5265484315225708
54  0.1857033734939759    0.17753895582329315  0.18808731191432393    0.18381124497991969  0.2651068112449799    0.25625140562248994  0.25929368674698794    0.25593708165997325  0.21440268273092367    0.2064382864792503  0.530460508033665    0.5271877582249426  0.5051563733741392    0.5035951032899769  0.5138035378729915    0.5092153022188217  0.5382280076511096    0.5367970925784239  0.5283512746748279    0.5265484315225708
55  0.18443113520749665    0.17753895582329315  0.18716570548862116    0.17768781793842028  0.26202660240963854    0.25625140562248994  0.2602608406961178    0.25593708165997325  0.21293924497991967    0.1870136546184739  0.5313548814078042    0.5271877582249426  0.5039916189747512    0.5035951032899769  0.5130409762815608    0.5057666411629685  0.5394755914307576    0.5367970925784239  0.5270577199693957    0.5257833205814844
56  0.18294380990629183    0.17753895582329315  0.18687336010709504    0.17768781793842028  0.25891441767068274    0.25625140562248994  0.25751804283801877    0.25593708165997325  0.211169344042838    0.1870136546184739  0.5289351338944147    0.5264624330527926  0.5049534567712317    0.5035951032899769  0.5121041499617445    0.5057666411629685  0.5380433986228004    0.5367970925784239  0.5280039816373374    0.5248944146901301
57  0.18172773226238284    0.17753895582329315  0.1842586372155288    0.17768781793842028  0.2582672396251673    0.25551807228915663  0.2596296947791165    0.25593708165997325  0.20542335742971887    0.1870136546184739  0.5290791002295333    0.5264624330527926  0.504558452945677    0.5035951032899769  0.5093835761285386    0.5050039785768935  0.5375887100229534    0.5367970925784239  0.5268844575363427    0.521957765876052
58  0.18119333868808568    0.17753895582329315  0.1847437751004016    0.17768781793842028  0.2605720374832664    0.2361070950468541  0.25848446586345386    0.25593708165997325  0.20014846854082996    0.1870136546184739  0.5289958270849273    0.5244315225707727  0.5042750879877581    0.49900443764345837  0.5075570237184391    0.5050039785768935  0.5371516511094109    0.5334324407039022  0.5269548691660291    0.5210688599846978
59  0.18106960107095044    0.17753895582329315  0.18472201874163313    0.17768781793842028  0.2571917295850067    0.2361070950468541  0.2591275475234271    0.25593708165997325  0.19260450066934404    0.1870136546184739  0.5293652318286152    0.5211066564651875  0.5046128706962508    0.49900443764345837  0.5063348722264728    0.5050039785768935  0.5370228569242541    0.5329337413925019  0.5257751706197399    0.5203037490436113
60  0.1813484578313253    0.17753895582329315  0.18028881392235604    0.17768781793842028  0.2547694886211513    0.2361070950468541  0.25949921285140565    0.24502838018741627  0.1910443373493976    0.17383775100401608  0.5268216648814078    0.5211066564651875  0.504267556235654    0.49900443764345837  0.5058104468247895    0.5050039785768935  0.5372175042081102    0.5302879877582249  0.5247810925784239    0.5172433052792655
61  0.18134497456492635    0.17753895582329315  0.18228780455153942    0.17768781793842028  0.24679587684069612    0.2361070950468541  0.25697245783132533    0.24502838018741627  0.19105498795180725    0.1698283801874163  0.5260666702371843    0.5211066564651875  0.5037594705432287    0.49900443764345837  0.506586921193573    0.5050039785768935  0.5343555853098699    0.5283430757459833  0.5232435822494261    0.5172433052792655
62  0.18073941633199464    0.17753895582329315  0.18020836680053542    0.17768781793842028  0.2406633092369478    0.2207121820615797  0.2586569236947791    0.23525167336010713  0.18858208032128515    0.1698283801874163  0.5243087222647285    0.5211066564651875  0.5040114552410099    0.49900443764345837  0.5060637949502677    0.5000762050497322  0.533039973986228    0.5283430757459833  0.5216689150726855    0.5172433052792655
63  0.1800169129852744    0.16013975903614455  0.18171010977242297    0.17768781793842028  0.23963003212851408    0.21326238286479252  0.25338023025435075    0.23525167336010713  0.1850595341365462    0.1698283801874163  0.5227800244835502    0.5211066564651875  0.502458298393267    0.49900443764345837  0.5051686901300687    0.5000762050497322  0.5318624085692426    0.525821117061974  0.5185811461361898    0.5172433052792655
64  0.1804451298527443    0.15508192771084336  0.17939967068273088    0.17768781793842028  0.23346775100401607    0.21326238286479252  0.2487312048192771    0.232310843373494  0.17911528246318606    0.1698283801874163  0.5230789931140015    0.5211066564651875  0.5016599372609029    0.49900443764345837  0.5051729242540167    0.5000762050497322  0.5301517230298394    0.525821117061974  0.5184441530221883    0.5172433052792655
65  0.1751346532797858    0.15508192771084336  0.18246783935742963    0.17768781793842028  0.2318252423025435    0.19509076305220885  0.2423569825970549    0.232310843373494  0.1741350066934404    0.1698283801874163  0.5223937582249427    0.5211066564651875  0.5004252685539403    0.49900443764345837  0.505246    0.5000762050497322  0.5291211996939557    0.525821117061974  0.5198584835501149    0.5172433052792655
66  0.16938192771084334    0.15508192771084336  0.18225746184738947    0.17768781793842028  0.2225095609103079    0.19509076305220885  0.24043239625167337    0.232310843373494  0.1717559303882195    0.1698283801874163  0.5218773068094874    0.5211066564651875  0.5003620351951034    0.49900443764345837  0.5045099357306809    0.5000762050497322  0.5278258423871462    0.525821117061974  0.5216994628921194    0.5172433052792655
67  0.1635684819277108    0.15508192771084336  0.179859563587684    0.17768781793842028  0.20964009906291836    0.19509076305220885  0.23578461847389562    0.232310843373494  0.174088781793842    0.1698283801874163  0.5219398515684774    0.5211066564651875  0.4998514598316756    0.49900443764345837  0.5033365661820963    0.5000762050497322  0.5272817612853864    0.525821117061974  0.5177336480489672    0.5166019892884469
68  0.15906215528781792    0.15508192771084336  0.18008012583667998    0.17382356091030784  0.2022511111111111    0.19509076305220885  0.23768789825970552    0.232310843373494  0.17339873360107091    0.1698283801874163  0.5219237934200459    0.5211066564651875  0.500012560061209    0.49900443764345837  0.5024320841622035    0.5000762050497322  0.5266695087987758    0.525821117061974  0.5195038041315991    0.5166019892884469
69  0.15963634270414992    0.15508192771084336  0.1813327523427041    0.15833467202141896  0.19767568406961178    0.19509076305220885  0.23437678179384208    0.232310843373494  0.17250497188755015    0.1698283801874163  0.5242877337413926    0.5211066564651875  0.5004406442234124    0.49900443764345837  0.5012265478194338    0.4990044376434582  0.5283038530986993    0.525821117061974  0.5182328737566948    0.5166019892884469
70  0.1603401311914324    0.15508192771084336  0.17994709504685402    0.15833467202141896  0.19886834538152612    0.19509076305220885  0.23478436680053552    0.232310843373494  0.1731682784471218    0.1698283801874163  0.5219607559296098    0.5211066564651875  0.49968921958684015    0.49900443764345837  0.5009986319816373    0.4990044376434582  0.5262800780413159    0.525821117061974  0.5188854567712319    0.5166019892884469
71  0.16096158500669344    0.15508192771084336  0.17679900937081655    0.15833467202141896  0.19815071485943775    0.19509076305220885  0.23646316198125839    0.232310843373494  0.17414939223560907    0.1698283801874163  0.52335358530987    0.5211066564651875  0.49986804896710024    0.49900443764345837  0.5011479097169089    0.4984221882172915  0.5264430175975516    0.525821117061974  0.5172860627390973    0.5166019892884469
72  0.15910574832663987    0.15508192771084336  0.17279992503346717    0.15833467202141896  0.19732272021419012    0.19509076305220885  0.2364544953145917    0.232310843373494  0.17102684872824628    0.1698283801874163  0.521881286916603    0.5211066564651875  0.49968052027543997    0.49900443764345837  0.5010085233358836    0.4984221882172915  0.5263053068094874    0.525821117061974  0.518709703136955    0.5166019892884469
73  0.15791509772423024    0.15508192771084336  0.166192016064257    0.15833467202141896  0.1971664417670683    0.19509076305220885  0.2332909076305221    0.23169397590361446  0.17359386880856756    0.1698283801874163  0.5232291247130835    0.5211066564651875  0.5003701683244071    0.49900443764345837  0.5004571140015301    0.4984221882172915  0.5283652302983932    0.523790206579954  0.5188119173680185    0.5166019892884469
74  0.1586289236947791    0.15508192771084336  0.16301229986613117    0.15833467202141896  0.19996642034805892    0.19509076305220885  0.2353505247657296    0.2222706827309237  0.17310692904953143    0.1698283801874163  0.522456648814078    0.5211066564651875  0.4998885263963275    0.49900443764345837  0.49943393420045906    0.4984221882172915  0.5261421576128539    0.523790206579954  0.5173224957918898    0.5166019892884469
75  0.15639290763052208    0.15508192771084336  0.1625441285140562    0.15833467202141896  0.19856372423025437    0.19509076305220885  0.23436229718875506    0.2222706827309237  0.1721838688085676    0.1698283801874163  0.5222540688599847    0.5211066564651875  0.49972305585309873    0.49900443764345837  0.49920555011476664    0.4984221882172915  0.5262989395562356    0.5235257842387147  0.5188926442234125    0.5166019892884469
76  0.15851306559571618    0.15508192771084336  0.16105180187416326    0.15833467202141896  0.19768249799196788    0.19509076305220885  0.23186088353413656    0.2222706827309237  0.17252873627844711    0.1698283801874163  0.5223136908951799    0.5196791124713083  0.49964444682478965    0.49900443764345837  0.49963972456006117    0.4984221882172915  0.5271596449885233    0.5235257842387147  0.5172721759755166    0.5166019892884469
77  0.15874283801874162    0.15508192771084336  0.16123755020080316    0.15833467202141896  0.20079846854082997    0.19509076305220885  0.2300495876840696    0.2222706827309237  0.1735151111111111    0.1698283801874163  0.5223357827084928    0.5196791124713083  0.5006794797245601    0.49900443764345837  0.4988364361132364    0.4984221882172915  0.5247149808722265    0.5207297628156082  0.5198673573068096    0.5166019892884469
78  0.159674187416332    0.15508192771084336  0.16568920749665325    0.15833467202141896  0.19874277108433738    0.19509076305220885  0.2263278447121821    0.2222706827309237  0.17251656224899595    0.1698283801874163  0.5220414827850038    0.5189140015302219  0.4997376021423107    0.49900443764345837  0.4990573129303749    0.4976148431522571  0.5243268477429227    0.5207297628156082  0.5180977260902832    0.5150319816373374
79  0.15918543775100402    0.15508192771084336  0.16167471753681387    0.15833467202141896  0.19835510575635878    0.19509076305220885  0.22763999464524765    0.2222706827309237  0.17401364658634536    0.1698283801874163  0.5217343993879112    0.5189140015302219  0.500368638102525    0.49900443764345837  0.49951542004590666    0.496208416220352  0.5239194078041316    0.5204653404743688  0.5178173879112472    0.5135793420045907
80  0.1582026345381526    0.15508192771084336  0.16301997322623824    0.15833467202141896  0.19944126372155288    0.19509076305220885  0.22486766532797858    0.2222706827309237  0.17435919678714856    0.1698283801874163  0.5220958133129304    0.5189140015302219  0.4998816863045142    0.49900443764345837  0.4991442555470543    0.4954433052792655  0.5227710237184392    0.5204653404743688  0.5177120168324408    0.5120093343534812
81  0.15692223560910307    0.15508192771084336  0.16277417402945107    0.15833467202141896  0.1971886452476573    0.19509076305220885  0.22503548058902276    0.2222706827309237  0.17280189825970546    0.1698283801874163  0.5202210497322112    0.5189140015302219  0.5006657934200459    0.49900443764345837  0.49896444988523336    0.4945543993879113  0.5215594521805662    0.5204653404743688  0.5175989395562357    0.5095921958684009
82  0.15940358768406962    0.15508192771084336  0.16052691298527438    0.15833467202141896  0.20256270682730926    0.19509076305220885  0.22630433734939762    0.2222706827309237  0.17435870950468538    0.1698283801874163  0.5193446411629686    0.5189140015302219  0.4998390604437644    0.49900443764345837  0.4973725141545524    0.4939130833970926  0.5212366381025249    0.5204653404743688  0.5156021438408569    0.5095921958684009
83  0.15898561445783133    0.15508192771084336  0.16299501740294506    0.15833467202141896  0.19860092101740295    0.19509076305220885  0.22434773761713522    0.2222706827309237  0.17112116198125832    0.1698283801874163  0.5209608905891355    0.5188113236419282  0.5001466488140781    0.49900443764345837  0.49699797092578424    0.4939130833970926  0.5221571185921959    0.5204653404743688  0.5162678806426932    0.5095921958684009
84  0.15860801338688085    0.15508192771084336  0.1611993493975903    0.15833467202141896  0.1981606827309237    0.19509076305220885  0.225489796519411    0.2222706827309237  0.1730739518072289    0.1698283801874163  0.5197317674062739    0.5135582249426167  0.5000411216526397    0.49900443764345837  0.49578439020657994    0.4939130833970926  0.5223667314460596    0.5204653404743688  0.5137205508798776    0.5095921958684009
85  0.15989235073627844    0.15508192771084336  0.16336159303882192    0.15833467202141896  0.19951336278447124    0.19509076305220885  0.2242044497991968    0.2222706827309237  0.17264623025435072    0.1698283801874163  0.521113117061974    0.5135582249426167  0.49992602601377206    0.49900443764345837  0.4946702295332823    0.48932241775057383  0.5209040489671002    0.5204653404743688  0.5115822968630451    0.5095921958684009
86  0.15755551539491297    0.15508192771084336  0.15952129852744307    0.15833467202141896  0.19721795716198126    0.19509076305220885  0.2271589799196787    0.2222706827309237  0.17438657295850063    0.1698283801874163  0.5206271920428462    0.5135582249426167  0.49980218209640404    0.49567758224942626  0.49491363427697016    0.48932241775057383  0.5220722769701607    0.5197002295332823  0.514698610558531    0.5095921958684009
87  0.1597537563587684    0.15508192771084336  0.1623465676037483    0.15833467202141896  0.19905339759036145    0.19509076305220885  0.2258735073627845    0.2222706827309237  0.1745891111111111    0.1698283801874163  0.5180107039020658    0.5135582249426167  0.49990329915837806    0.49567758224942626  0.49404233205814846    0.48932241775057383  0.5208156557000765    0.5197002295332823  0.5151053848508034    0.5095921958684009
88  0.15995662115127174    0.15508192771084336  0.16422630789825965    0.15833467202141896  0.19666643373493975    0.19509076305220885  0.22606790093708168    0.2222706827309237  0.17129720214190092    0.1698283801874163  0.5150991644988524    0.5135582249426167  0.4996449319051263    0.49567758224942626  0.49388792195868403    0.48932241775057383  0.5212738194338179    0.5189602142310634  0.5109782647283856    0.509287987758225
89  0.1575863239625167    0.15508192771084336  0.16276954216867467    0.15833467202141896  0.19805442838018741    0.19509076305220885  0.22456853012048192    0.2222706827309237  0.17408939491298525    0.1568824631860776  0.514668350420811    0.5135582249426167  0.4989843335883704    0.49567758224942626  0.49266551185921964    0.48932241775057383  0.5226829778117827    0.5189602142310634  0.5111143963274675    0.5042364192807957
90  0.1581430254350736    0.15508192771084336  0.16322894511378844    0.15833467202141896  0.19899203212851407    0.19509076305220885  0.227025983935743    0.2222706827309237  0.17131663186077642    0.15411512717536816  0.5159746947207345    0.5135582249426167  0.4980729395562357    0.49567758224942626  0.490852246365723    0.4882928844682479  0.5209221499617445    0.5189602142310634  0.5131576801836266    0.5042364192807957
91  0.15841462918340027    0.15508192771084336  0.1617758473895582    0.15833467202141896  0.19905058366800535    0.19509076305220885  0.22492455689424365    0.2222706827309237  0.1687893413654618    0.15411512717536816  0.5144864192807957    0.5135582249426167  0.4971806166794186    0.49567758224942626  0.489905597551645    0.4882928844682479  0.5207382188217291    0.5188973221117061  0.5090862203519511    0.5042364192807957
92  0.1585171593038822    0.15508192771084336  0.16020475769745646    0.15833467202141896  0.19818168674698797    0.19509076305220885  0.22345730388219548    0.2222706827309237  0.16599198125836678    0.15359651941097718  0.5145788232593727    0.5135582249426167  0.49708370925784245    0.49567758224942626  0.49052596633511863    0.4882928844682479  0.5196976296863045    0.5188973221117061  0.5082886350420811    0.5042364192807957
93  0.15999552074966533    0.15508192771084336  0.16128262918340025    0.15833467202141896  0.19703813386880856    0.19509076305220885  0.2271028032128514    0.2222706827309237  0.16083852208835342    0.15359651941097718  0.5146980168324408    0.5135582249426167  0.4961357521040552    0.49567758224942626  0.4899205355776588    0.48752777352716137  0.5198189196633511    0.5093179801071155  0.5059994996174445    0.5042364192807957
94  0.15640180722891567    0.15508192771084336  0.162438985274431    0.15833467202141896  0.19871322088353416    0.19509076305220885  0.22453349665327982    0.2222706827309237  0.15789260240963857    0.13344069611780454  0.514668532517215    0.5135582249426166  0.49597863963274685    0.49567758224942626  0.4894360336648814    0.48752777352716137  0.5193035210405508    0.5093179801071155  0.5068764315225708    0.5042364192807957
95  0.16022841499330656    0.15508192771084336  0.16362285140562247    0.14860535475234268  0.19977134136546187    0.19509076305220885  0.22897956626506027    0.2222706827309237  0.15481183132530119    0.13344069611780454  0.5147221407804132    0.5135582249426166  0.49683859678653414    0.49567758224942626  0.488615039020658    0.48752777352716137  0.5174509104820199    0.5093179801071155  0.5060557490436113    0.5042364192807957
96  0.15778430522088352    0.15508192771084336  0.16077004283801868    0.14449531459170017  0.19650435876840697    0.19509076305220885  0.22755611512717536    0.2222706827309237  0.15234788219544845    0.13344069611780454  0.5151924407039021    0.5127553175210405  0.4963487452180567    0.49567758224942626  0.48827810864575355    0.48752777352716137  0.513832532517215    0.5093179801071155  0.5064214062739096    0.5042364192807957
97  0.15777851673360105    0.15508192771084336  0.16006018741633196    0.14449531459170017  0.19937835876840698    0.19509076305220885  0.2250318232931727    0.2222706827309237  0.1476079143239625    0.13344069611780454  0.5156052563121652    0.5127553175210405  0.4970689778117828    0.49567758224942626  0.48826084162203515    0.48752777352716137  0.5111386687069625    0.5085906656465188  0.5061183840856923    0.5042364192807957
98  0.1589209451137885    0.15508192771084336  0.1560762784471218    0.14449531459170017  0.20065737884872825    0.19509076305220885  0.225621906291834    0.2222706827309237  0.13675903882195448    0.13344069611780454  0.5150371124713083    0.5127553175210405  0.4961464452945678    0.49567758224942626  0.4883783917368018    0.48752777352716137  0.5103747329762816    0.5085906656465188  0.505613649579189    0.5042364192807957
99  0.15741846050870145    0.15508192771084336  0.1545777295850067    0.14449531459170017  0.19695214190093707    0.19509076305220885  0.22418792235609103    0.2222706827309237  0.13656536813922354    0.13344069611780454  0.514151283856159    0.5127553175210405  0.4965443029839327    0.49567758224942626  0.48839322417750564    0.48523244070390203  0.5103950497322112    0.5085906656465188  0.5051714521805661    0.5042364192807957
