Params:
{'populationSize': 100, 'mutationRate': 0.0, 'crossoverRate': 0.9, 'crossoverSelect': 1, 'generations': 100, 'chromosomeSize': 26, 'elitism': 2}

Generation Data:
Generation   Average Fitness    Best Fitness Average Fitness    Best Fitness Average Fitness    Best Fitness Average Fitness    Best Fitness Average Fitness    Best Fitness Average Fitness    Best Fitness Average Fitness    Best Fitness Average Fitness    Best Fitness Average Fitness    Best Fitness Average Fitness    Best Fitness
0  0.714010329317269    0.6191089692101741  0.7147688299866131    0.6211170013386881  0.7174520696117804    0.6532455153949128  0.7116073012048193    0.62689718875502  0.7099800856760374    0.607767871485944  0.7096319632746748    0.6680939556235654  0.7107300091813313    0.6734497322111705  0.7120239984697782    0.6595539403213466  0.7066795394032135    0.6664399387911246  0.7113380061208875    0.6641446059678652
1  0.6929063855421687    0.6070607764390896  0.6866110040160643    0.6195346720214191  0.6975873467202142    0.6209799196787148  0.6941882998661312    0.6192463186077644  0.6874766479250334    0.5833898259705489  0.6984709380260138    0.6580615149196635  0.7034293879112471    0.6603568477429226  0.6940672762050497    0.6511377199693956  0.6956054506503443    0.6557661820964039  0.6979406381025248    0.6551248661055852
2  0.6758328728246319    0.6023753681392237  0.6598514939759036    0.5923352074966531  0.6847404016064257    0.5805753681392234  0.6823146211512717    0.5978797858099063  0.6663294056224899    0.5780350736278446  0.6868980183626625    0.6332010711553177  0.6918904758990054    0.654963274674828  0.6831183442999235    0.6465470543228768  0.6882389273144605    0.6557661820964039  0.6902147008416221    0.6551248661055852
3  0.6482384578313253    0.563605890227577  0.6404809959839358    0.5923352074966531  0.6606278259705489    0.5689081659973226  0.6601535957161981    0.5184372155287817  0.6369609745649264    0.5387876840696117  0.6796202096403978    0.6332010711553177  0.6796214567712319    0.6343052792654933  0.6734604100994644    0.6121548584544759  0.6827074292272379    0.6396988523335884  0.684774325937261    0.6427592960979341
4  0.6207254645247657    0.5408481927710843  0.6188747175368139    0.5662307898259704  0.6386275850066935    0.514691298527443  0.6304836572958501    0.5184372155287817  0.6019880963855422    0.4989611780455154  0.6719423672532517    0.6293755164498851  0.669129052792655    0.6343052792654933  0.6653589533282326    0.6121548584544759  0.6748540091813312    0.6396988523335884  0.6809604651874521    0.6396988523335884
5  0.5993577456492637    0.5179534136546184  0.598762891566265    0.5244811244979919  0.6049626345381526    0.5046511378848729  0.5897379518072289    0.5129453815261046  0.5753284417670683    0.4989611780455154  0.6638620596786534    0.6253883703136954  0.6603505432287682    0.6224895179801072  0.6523249074215761    0.6121548584544759  0.6647527345065035    0.6374895179801072  0.6779601897475134    0.6343052792654935
6  0.5751432771084337    0.49934886211512725  0.5748333467202142    0.5084168674698796  0.572417751004016    0.5046511378848729  0.5542199170013387    0.5082599732262384  0.5489975555555556    0.45205461847389566  0.6547339387911247    0.6253883703136954  0.6560590359602142    0.6224895179801072  0.6501218653404743    0.6121548584544759  0.6591907207345065    0.63507039020658  0.6697197444529457    0.6343052792654935
7  0.5535619303882195    0.49934886211512725  0.5490958018741633    0.5084168674698796  0.5418489370816599    0.48724846050870146  0.5310935983935743    0.5069212851405623  0.5251088326639892    0.45205461847389566  0.6461488737566947    0.6082915072685539  0.6476471048201989    0.6224895179801072  0.6382242616679419    0.6121548584544759  0.6599398286151492    0.63507039020658  0.6527350405508798    0.6258890589135424
8  0.527566578313253    0.49787309236947785  0.53063153145917    0.47093360107095045  0.5189115609103079    0.4705145917001338  0.5168516117804551    0.48925622489959847  0.5056345354752343    0.45205461847389566  0.6325489120122418    0.6082915072685539  0.6405674460596786    0.6145361897475135  0.6278679311400154    0.6113519510328999  0.6539484254016833    0.625123947972456  0.6446517368018363    0.6243588370313695
9  0.5091924283801874    0.47748969210174025  0.511245437751004    0.44817590361445786  0.5029424712182062    0.45899866131191436  0.5105800535475236    0.47840963855421687  0.4836477858099063    0.42544444444444446  0.6224280673297629    0.6021706197398624  0.6322296541698547    0.6121170619739863  0.6168302953328233    0.6075263963274676  0.6498800811017597    0.625123947972456  0.6401081453710787    0.6197681713848509
10  0.49733943239625167    0.47190575635876836  0.48919582864792505    0.44616787148594383  0.48880172423025436    0.44641820615796524  0.5041078179384204    0.4723855421686748  0.4627318821954485    0.40257563587684064  0.6167638760520275    0.6021706197398624  0.6275382754399389    0.6113519510328999  0.6123505937260902    0.6075263963274676  0.6462036541698546    0.619810405508799  0.6337900872226473    0.6087524100994645
11  0.4882587121820615    0.47190575635876836  0.4687458072289157    0.4426840696117806  0.47539662115127174    0.4243298527443106  0.49561569745649264    0.4524503346720214  0.44036134939759036    0.3773041499330656  0.6100756633511859    0.6021706197398622  0.6208596832440704    0.5991101759755164  0.6113072807957154    0.6075263963274676  0.6310066228003061    0.6144123947972457  0.6247716587605203    0.6021706197398623
12  0.4803875555555555    0.44522409638554217  0.4559222918340027    0.4321116465863454  0.460937437751004    0.42352342704149937  0.48071042034805894    0.4496803212851406  0.4158383882195449    0.3576230254350737  0.6046678071920428    0.6014055087987759  0.6201443580719205    0.5987332823259373  0.6100213221117062    0.6059961744452945  0.6245050604437644    0.6136472838561592  0.6179825677123183    0.6021706197398623
13  0.47356339491298527    0.4318372155287818  0.44692719946452475    0.4260875502008032  0.44415605087014726    0.412813922356091  0.46742493172690763    0.44910361445783126  0.39243584203480586    0.3422591700133868  0.6030481346595257    0.5991101759755164  0.6138930451415455    0.5987332823259373  0.607994247895945    0.6006403978576895  0.6196427253251722    0.6121170619739862  0.6114834827850039    0.6003361897475133
14  0.4674918232931726    0.4318372155287818  0.4414670066934404    0.4260875502008032  0.43019488353413654    0.3868465863453815  0.45549423560910307    0.44910361445783126  0.3675856626506024    0.3422591700133868  0.6019869931140016    0.5968148431522573  0.6084151843917368    0.5980059678653405  0.6067387100229534    0.6006403978576895  0.6153402662586076    0.6121170619739862  0.6064032226472839    0.5941426166794185
15  0.4589329263721552    0.4318372155287818  0.4359504203480589    0.41055555555555556  0.42328235073627846    0.38001606425702816  0.4510718661311914    0.44910361445783126  0.3509940669344042    0.3314744310575636  0.601283091048202    0.5968148431522573  0.6032047130833971    0.5941804131599082  0.6054549395562357    0.6006403978576895  0.6132502218821729    0.6059961744452946  0.6025227084927315    0.5891637337413925
16  0.44860681124497986    0.4318372155287818  0.4273595502008032    0.41055555555555556  0.4160898259705489    0.38001606425702816  0.44957092904953144    0.44910361445783126  0.34155944310575626    0.3314744310575636  0.600330416220352    0.5968148431522573  0.6025797429227238    0.5915828615149197  0.6039432517214997    0.6006403978576895  0.6120385110941087    0.6059961744452946  0.5986590114766641    0.5869921958684009
17  0.43875815796519413    0.4318372155287818  0.4208799785809906    0.41055555555555556  0.405972546184739    0.38001606425702816  0.44912091566265055    0.44910361445783126  0.33898080589022755    0.3226661311914324  0.5985985661820965    0.5945195103289976  0.5994111981637338    0.5915828615149197  0.6019168416220353    0.6006403978576895  0.6101695868400919    0.6021706197398623  0.594598662586075    0.5817770466717673
18  0.43369850602409643    0.42218473895582315  0.41409960910307897    0.41055555555555556  0.39076445783132535    0.38001606425702816  0.44910361445783126    0.44910361445783126  0.3354294082998661    0.3226661311914324  0.5972011124713085    0.5906939556235654  0.5988757505738332    0.5899268553940321  0.6006403978576895    0.6006403978576895  0.6073677322111707    0.6021706197398623  0.5904588630451415    0.5793410864575365
19  0.43152580455153944    0.42218473895582315  0.41072958500669343    0.41055555555555556  0.3816298848728247    0.38001606425702816  0.44910361445783126    0.44910361445783126  0.33122330120481924    0.3226661311914324  0.5950957643458302    0.5899288446824791  0.5952224697781179    0.5899268553940321  0.6006403978576895    0.6006403978576895  0.6050919984697781    0.6021706197398623  0.5867555623565417    0.5762806426931906
20  0.4302928192771084    0.42218473895582315  0.41055555555555556    0.41055555555555556  0.3800843694779117    0.38001606425702816  0.44910361445783126    0.44910361445783126  0.32758137884872823    0.31912985274431055  0.5927187452180567    0.5877573068094876  0.5965929013006886    0.5899268553940321  0.6006403978576895    0.6006403978576895  0.6033905248661057    0.6021706197398623  0.5835648232593726    0.5762806426931906
21  0.42759012583667994    0.42218473895582315  0.41055555555555556    0.41055555555555556  0.38001606425702816    0.38001606425702816  0.44910361445783126    0.44910361445783126  0.32430352074966534    0.31912985274431055  0.5909296786534048    0.5876335118592196  0.591852364192808    0.5899268553940321  0.6006403978576895    0.6006403978576895  0.6021939954093344    0.6021706197398623  0.5803812945677124    0.5762806426931906
22  0.42372913520749655    0.42218473895582315  0.41055555555555556    0.41055555555555556  0.38001606425702816    0.38001606425702816  0.44910361445783126    0.44910361445783126  0.32214585274431057    0.31912985274431055  0.5897127054322877    0.5853381790359602  0.5900902968630451    0.5899268553940321  0.6006403978576895    0.6006403978576895  0.6021706197398623    0.6021706197398623  0.5784325156847744    0.5762806426931906
23  0.4222812637215527    0.42218473895582315  0.41055555555555556    0.41055555555555556  0.38001606425702816    0.38001606425702816  0.44910361445783126    0.44910361445783126  0.3211387844712182    0.31912985274431055  0.5879954873756695    0.583042846212701  0.5899268553940321    0.5899268553940321  0.6006403978576895    0.6006403978576895  0.6021706197398623    0.6021706197398623  0.5770625172149962    0.5762806426931906
24  0.42218473895582315    0.42218473895582315  0.41055555555555556    0.41055555555555556  0.38001606425702816    0.38001606425702816  0.44910361445783126    0.44910361445783126  0.31980039625167334    0.31912985274431055  0.5869156664116297    0.583042846212701  0.5899268553940321    0.5899268553940321  0.6006403978576895    0.6006403978576895  0.6021706197398623    0.6021706197398623  0.5763418515684775    0.5762806426931906
25  0.42218473895582315    0.42218473895582315  0.41055555555555556    0.41055555555555556  0.38001606425702816    0.38001606425702816  0.44910361445783126    0.44910361445783126  0.31916521552878174    0.31912985274431055  0.5857849319051263    0.583042846212701  0.5899268553940321    0.5899268553940321  0.6006403978576895    0.6006403978576895  0.6021706197398623    0.6021706197398623  0.5762806426931906    0.5762806426931906
26  0.42218473895582315    0.42218473895582315  0.41055555555555556    0.41055555555555556  0.38001606425702816    0.38001606425702816  0.44910361445783126    0.44910361445783126  0.31912985274431055    0.31912985274431055  0.5847744208110176    0.583042846212701  0.5899268553940321    0.5899268553940321  0.6006403978576895    0.6006403978576895  0.6021706197398623    0.6021706197398623  0.5762806426931906    0.5762806426931906
27  0.42218473895582315    0.42218473895582315  0.41055555555555556    0.41055555555555556  0.38001606425702816    0.38001606425702816  0.44910361445783126    0.44910361445783126  0.31912985274431055    0.31912985274431055  0.5839485478194338    0.582542157612854  0.5899268553940321    0.5899268553940321  0.6006403978576895    0.6006403978576895  0.6021706197398623    0.6021706197398623  0.5762806426931906    0.5762806426931906
28  0.42218473895582315    0.42218473895582315  0.41055555555555556    0.41055555555555556  0.38001606425702816    0.38001606425702816  0.44910361445783126    0.44910361445783126  0.31912985274431055    0.31912985274431055  0.5831590206579955    0.582542157612854  0.5899268553940321    0.5899268553940321  0.6006403978576895    0.6006403978576895  0.6021706197398623    0.6021706197398623  0.5762806426931906    0.5762806426931906
29  0.42218473895582315    0.42218473895582315  0.41055555555555556    0.41055555555555556  0.38001606425702816    0.38001606425702816  0.44910361445783126    0.44910361445783126  0.31912985274431055    0.31912985274431055  0.5828575914307575    0.582542157612854  0.5899268553940321    0.5899268553940321  0.6006403978576895    0.6006403978576895  0.6021706197398623    0.6021706197398623  0.5762806426931906    0.5762806426931906
30  0.42218473895582315    0.42218473895582315  0.41055555555555556    0.41055555555555556  0.38001606425702816    0.38001606425702816  0.44910361445783126    0.44910361445783126  0.31912985274431055    0.31912985274431055  0.5826523091048204    0.582542157612854  0.5899268553940321    0.5899268553940321  0.6006403978576895    0.6006403978576895  0.6021706197398623    0.6021706197398623  0.5762806426931906    0.5762806426931906
31  0.42218473895582315    0.42218473895582315  0.41055555555555556    0.41055555555555556  0.38001606425702816    0.38001606425702816  0.44910361445783126    0.44910361445783126  0.31912985274431055    0.31912985274431055  0.5825521713848509    0.582542157612854  0.5899268553940321    0.5899268553940321  0.6006403978576895    0.6006403978576895  0.6021706197398623    0.6021706197398623  0.5762806426931906    0.5762806426931906
32  0.42218473895582315    0.42218473895582315  0.41055555555555556    0.41055555555555556  0.38001606425702816    0.38001606425702816  0.44910361445783126    0.44910361445783126  0.31912985274431055    0.31912985274431055  0.582542157612854    0.582542157612854  0.5899268553940321    0.5899268553940321  0.6006403978576895    0.6006403978576895  0.6021706197398623    0.6021706197398623  0.5762806426931906    0.5762806426931906
33  0.42218473895582315    0.42218473895582315  0.41055555555555556    0.41055555555555556  0.38001606425702816    0.38001606425702816  0.44910361445783126    0.44910361445783126  0.31912985274431055    0.31912985274431055  0.582542157612854    0.582542157612854  0.5899268553940321    0.5899268553940321  0.6006403978576895    0.6006403978576895  0.6021706197398623    0.6021706197398623  0.5762806426931906    0.5762806426931906
34  0.42218473895582315    0.42218473895582315  0.41055555555555556    0.41055555555555556  0.38001606425702816    0.38001606425702816  0.44910361445783126    0.44910361445783126  0.31912985274431055    0.31912985274431055  0.582542157612854    0.582542157612854  0.5899268553940321    0.5899268553940321  0.6006403978576895    0.6006403978576895  0.6021706197398623    0.6021706197398623  0.5762806426931906    0.5762806426931906
35  0.42218473895582315    0.42218473895582315  0.41055555555555556    0.41055555555555556  0.38001606425702816    0.38001606425702816  0.44910361445783126    0.44910361445783126  0.31912985274431055    0.31912985274431055  0.582542157612854    0.582542157612854  0.5899268553940321    0.5899268553940321  0.6006403978576895    0.6006403978576895  0.6021706197398623    0.6021706197398623  0.5762806426931906    0.5762806426931906
36  0.42218473895582315    0.42218473895582315  0.41055555555555556    0.41055555555555556  0.38001606425702816    0.38001606425702816  0.44910361445783126    0.44910361445783126  0.31912985274431055    0.31912985274431055  0.582542157612854    0.582542157612854  0.5899268553940321    0.5899268553940321  0.6006403978576895    0.6006403978576895  0.6021706197398623    0.6021706197398623  0.5762806426931906    0.5762806426931906
37  0.42218473895582315    0.42218473895582315  0.41055555555555556    0.41055555555555556  0.38001606425702816    0.38001606425702816  0.44910361445783126    0.44910361445783126  0.31912985274431055    0.31912985274431055  0.582542157612854    0.582542157612854  0.5899268553940321    0.5899268553940321  0.6006403978576895    0.6006403978576895  0.6021706197398623    0.6021706197398623  0.5762806426931906    0.5762806426931906
38  0.42218473895582315    0.42218473895582315  0.41055555555555556    0.41055555555555556  0.38001606425702816    0.38001606425702816  0.44910361445783126    0.44910361445783126  0.31912985274431055    0.31912985274431055  0.582542157612854    0.582542157612854  0.5899268553940321    0.5899268553940321  0.6006403978576895    0.6006403978576895  0.6021706197398623    0.6021706197398623  0.5762806426931906    0.5762806426931906
39  0.42218473895582315    0.42218473895582315  0.41055555555555556    0.41055555555555556  0.38001606425702816    0.38001606425702816  0.44910361445783126    0.44910361445783126  0.31912985274431055    0.31912985274431055  0.582542157612854    0.582542157612854  0.5899268553940321    0.5899268553940321  0.6006403978576895    0.6006403978576895  0.6021706197398623    0.6021706197398623  0.5762806426931906    0.5762806426931906
40  0.42218473895582315    0.42218473895582315  0.41055555555555556    0.41055555555555556  0.38001606425702816    0.38001606425702816  0.44910361445783126    0.44910361445783126  0.31912985274431055    0.31912985274431055  0.582542157612854    0.582542157612854  0.5899268553940321    0.5899268553940321  0.6006403978576895    0.6006403978576895  0.6021706197398623    0.6021706197398623  0.5762806426931906    0.5762806426931906
41  0.42218473895582315    0.42218473895582315  0.41055555555555556    0.41055555555555556  0.38001606425702816    0.38001606425702816  0.44910361445783126    0.44910361445783126  0.31912985274431055    0.31912985274431055  0.582542157612854    0.582542157612854  0.5899268553940321    0.5899268553940321  0.6006403978576895    0.6006403978576895  0.6021706197398623    0.6021706197398623  0.5762806426931906    0.5762806426931906
42  0.42218473895582315    0.42218473895582315  0.41055555555555556    0.41055555555555556  0.38001606425702816    0.38001606425702816  0.44910361445783126    0.44910361445783126  0.31912985274431055    0.31912985274431055  0.582542157612854    0.582542157612854  0.5899268553940321    0.5899268553940321  0.6006403978576895    0.6006403978576895  0.6021706197398623    0.6021706197398623  0.5762806426931906    0.5762806426931906
43  0.42218473895582315    0.42218473895582315  0.41055555555555556    0.41055555555555556  0.38001606425702816    0.38001606425702816  0.44910361445783126    0.44910361445783126  0.31912985274431055    0.31912985274431055  0.582542157612854    0.582542157612854  0.5899268553940321    0.5899268553940321  0.6006403978576895    0.6006403978576895  0.6021706197398623    0.6021706197398623  0.5762806426931906    0.5762806426931906
44  0.42218473895582315    0.42218473895582315  0.41055555555555556    0.41055555555555556  0.38001606425702816    0.38001606425702816  0.44910361445783126    0.44910361445783126  0.31912985274431055    0.31912985274431055  0.582542157612854    0.582542157612854  0.5899268553940321    0.5899268553940321  0.6006403978576895    0.6006403978576895  0.6021706197398623    0.6021706197398623  0.5762806426931906    0.5762806426931906
45  0.42218473895582315    0.42218473895582315  0.41055555555555556    0.41055555555555556  0.38001606425702816    0.38001606425702816  0.44910361445783126    0.44910361445783126  0.31912985274431055    0.31912985274431055  0.582542157612854    0.582542157612854  0.5899268553940321    0.5899268553940321  0.6006403978576895    0.6006403978576895  0.6021706197398623    0.6021706197398623  0.5762806426931906    0.5762806426931906
46  0.42218473895582315    0.42218473895582315  0.41055555555555556    0.41055555555555556  0.38001606425702816    0.38001606425702816  0.44910361445783126    0.44910361445783126  0.31912985274431055    0.31912985274431055  0.582542157612854    0.582542157612854  0.5899268553940321    0.5899268553940321  0.6006403978576895    0.6006403978576895  0.6021706197398623    0.6021706197398623  0.5762806426931906    0.5762806426931906
47  0.42218473895582315    0.42218473895582315  0.41055555555555556    0.41055555555555556  0.38001606425702816    0.38001606425702816  0.44910361445783126    0.44910361445783126  0.31912985274431055    0.31912985274431055  0.582542157612854    0.582542157612854  0.5899268553940321    0.5899268553940321  0.6006403978576895    0.6006403978576895  0.6021706197398623    0.6021706197398623  0.5762806426931906    0.5762806426931906
48  0.42218473895582315    0.42218473895582315  0.41055555555555556    0.41055555555555556  0.38001606425702816    0.38001606425702816  0.44910361445783126    0.44910361445783126  0.31912985274431055    0.31912985274431055  0.582542157612854    0.582542157612854  0.5899268553940321    0.5899268553940321  0.6006403978576895    0.6006403978576895  0.6021706197398623    0.6021706197398623  0.5762806426931906    0.5762806426931906
49  0.42218473895582315    0.42218473895582315  0.41055555555555556    0.41055555555555556  0.38001606425702816    0.38001606425702816  0.44910361445783126    0.44910361445783126  0.31912985274431055    0.31912985274431055  0.582542157612854    0.582542157612854  0.5899268553940321    0.5899268553940321  0.6006403978576895    0.6006403978576895  0.6021706197398623    0.6021706197398623  0.5762806426931906    0.5762806426931906
50  0.42218473895582315    0.42218473895582315  0.41055555555555556    0.41055555555555556  0.38001606425702816    0.38001606425702816  0.44910361445783126    0.44910361445783126  0.31912985274431055    0.31912985274431055  0.582542157612854    0.582542157612854  0.5899268553940321    0.5899268553940321  0.6006403978576895    0.6006403978576895  0.6021706197398623    0.6021706197398623  0.5762806426931906    0.5762806426931906
51  0.42218473895582315    0.42218473895582315  0.41055555555555556    0.41055555555555556  0.38001606425702816    0.38001606425702816  0.44910361445783126    0.44910361445783126  0.31912985274431055    0.31912985274431055  0.582542157612854    0.582542157612854  0.5899268553940321    0.5899268553940321  0.6006403978576895    0.6006403978576895  0.6021706197398623    0.6021706197398623  0.5762806426931906    0.5762806426931906
52  0.42218473895582315    0.42218473895582315  0.41055555555555556    0.41055555555555556  0.38001606425702816    0.38001606425702816  0.44910361445783126    0.44910361445783126  0.31912985274431055    0.31912985274431055  0.582542157612854    0.582542157612854  0.5899268553940321    0.5899268553940321  0.6006403978576895    0.6006403978576895  0.6021706197398623    0.6021706197398623  0.5762806426931906    0.5762806426931906
53  0.42218473895582315    0.42218473895582315  0.41055555555555556    0.41055555555555556  0.38001606425702816    0.38001606425702816  0.44910361445783126    0.44910361445783126  0.31912985274431055    0.31912985274431055  0.582542157612854    0.582542157612854  0.5899268553940321    0.5899268553940321  0.6006403978576895    0.6006403978576895  0.6021706197398623    0.6021706197398623  0.5762806426931906    0.5762806426931906
54  0.42218473895582315    0.42218473895582315  0.41055555555555556    0.41055555555555556  0.38001606425702816    0.38001606425702816  0.44910361445783126    0.44910361445783126  0.31912985274431055    0.31912985274431055  0.582542157612854    0.582542157612854  0.5899268553940321    0.5899268553940321  0.6006403978576895    0.6006403978576895  0.6021706197398623    0.6021706197398623  0.5762806426931906    0.5762806426931906
55  0.42218473895582315    0.42218473895582315  0.41055555555555556    0.41055555555555556  0.38001606425702816    0.38001606425702816  0.44910361445783126    0.44910361445783126  0.31912985274431055    0.31912985274431055  0.582542157612854    0.582542157612854  0.5899268553940321    0.5899268553940321  0.6006403978576895    0.6006403978576895  0.6021706197398623    0.6021706197398623  0.5762806426931906    0.5762806426931906
56  0.42218473895582315    0.42218473895582315  0.41055555555555556    0.41055555555555556  0.38001606425702816    0.38001606425702816  0.44910361445783126    0.44910361445783126  0.31912985274431055    0.31912985274431055  0.582542157612854    0.582542157612854  0.5899268553940321    0.5899268553940321  0.6006403978576895    0.6006403978576895  0.6021706197398623    0.6021706197398623  0.5762806426931906    0.5762806426931906
57  0.42218473895582315    0.42218473895582315  0.41055555555555556    0.41055555555555556  0.38001606425702816    0.38001606425702816  0.44910361445783126    0.44910361445783126  0.31912985274431055    0.31912985274431055  0.582542157612854    0.582542157612854  0.5899268553940321    0.5899268553940321  0.6006403978576895    0.6006403978576895  0.6021706197398623    0.6021706197398623  0.5762806426931906    0.5762806426931906
58  0.42218473895582315    0.42218473895582315  0.41055555555555556    0.41055555555555556  0.38001606425702816    0.38001606425702816  0.44910361445783126    0.44910361445783126  0.31912985274431055    0.31912985274431055  0.582542157612854    0.582542157612854  0.5899268553940321    0.5899268553940321  0.6006403978576895    0.6006403978576895  0.6021706197398623    0.6021706197398623  0.5762806426931906    0.5762806426931906
59  0.42218473895582315    0.42218473895582315  0.41055555555555556    0.41055555555555556  0.38001606425702816    0.38001606425702816  0.44910361445783126    0.44910361445783126  0.31912985274431055    0.31912985274431055  0.582542157612854    0.582542157612854  0.5899268553940321    0.5899268553940321  0.6006403978576895    0.6006403978576895  0.6021706197398623    0.6021706197398623  0.5762806426931906    0.5762806426931906
60  0.42218473895582315    0.42218473895582315  0.41055555555555556    0.41055555555555556  0.38001606425702816    0.38001606425702816  0.44910361445783126    0.44910361445783126  0.31912985274431055    0.31912985274431055  0.582542157612854    0.582542157612854  0.5899268553940321    0.5899268553940321  0.6006403978576895    0.6006403978576895  0.6021706197398623    0.6021706197398623  0.5762806426931906    0.5762806426931906
61  0.42218473895582315    0.42218473895582315  0.41055555555555556    0.41055555555555556  0.38001606425702816    0.38001606425702816  0.44910361445783126    0.44910361445783126  0.31912985274431055    0.31912985274431055  0.582542157612854    0.582542157612854  0.5899268553940321    0.5899268553940321  0.6006403978576895    0.6006403978576895  0.6021706197398623    0.6021706197398623  0.5762806426931906    0.5762806426931906
62  0.42218473895582315    0.42218473895582315  0.41055555555555556    0.41055555555555556  0.38001606425702816    0.38001606425702816  0.44910361445783126    0.44910361445783126  0.31912985274431055    0.31912985274431055  0.582542157612854    0.582542157612854  0.5899268553940321    0.5899268553940321  0.6006403978576895    0.6006403978576895  0.6021706197398623    0.6021706197398623  0.5762806426931906    0.5762806426931906
63  0.42218473895582315    0.42218473895582315  0.41055555555555556    0.41055555555555556  0.38001606425702816    0.38001606425702816  0.44910361445783126    0.44910361445783126  0.31912985274431055    0.31912985274431055  0.582542157612854    0.582542157612854  0.5899268553940321    0.5899268553940321  0.6006403978576895    0.6006403978576895  0.6021706197398623    0.6021706197398623  0.5762806426931906    0.5762806426931906
64  0.42218473895582315    0.42218473895582315  0.41055555555555556    0.41055555555555556  0.38001606425702816    0.38001606425702816  0.44910361445783126    0.44910361445783126  0.31912985274431055    0.31912985274431055  0.582542157612854    0.582542157612854  0.5899268553940321    0.5899268553940321  0.6006403978576895    0.6006403978576895  0.6021706197398623    0.6021706197398623  0.5762806426931906    0.5762806426931906
65  0.42218473895582315    0.42218473895582315  0.41055555555555556    0.41055555555555556  0.38001606425702816    0.38001606425702816  0.44910361445783126    0.44910361445783126  0.31912985274431055    0.31912985274431055  0.582542157612854    0.582542157612854  0.5899268553940321    0.5899268553940321  0.6006403978576895    0.6006403978576895  0.6021706197398623    0.6021706197398623  0.5762806426931906    0.5762806426931906
66  0.42218473895582315    0.42218473895582315  0.41055555555555556    0.41055555555555556  0.38001606425702816    0.38001606425702816  0.44910361445783126    0.44910361445783126  0.31912985274431055    0.31912985274431055  0.582542157612854    0.582542157612854  0.5899268553940321    0.5899268553940321  0.6006403978576895    0.6006403978576895  0.6021706197398623    0.6021706197398623  0.5762806426931906    0.5762806426931906
67  0.42218473895582315    0.42218473895582315  0.41055555555555556    0.41055555555555556  0.38001606425702816    0.38001606425702816  0.44910361445783126    0.44910361445783126  0.31912985274431055    0.31912985274431055  0.582542157612854    0.582542157612854  0.5899268553940321    0.5899268553940321  0.6006403978576895    0.6006403978576895  0.6021706197398623    0.6021706197398623  0.5762806426931906    0.5762806426931906
68  0.42218473895582315    0.42218473895582315  0.41055555555555556    0.41055555555555556  0.38001606425702816    0.38001606425702816  0.44910361445783126    0.44910361445783126  0.31912985274431055    0.31912985274431055  0.582542157612854    0.582542157612854  0.5899268553940321    0.5899268553940321  0.6006403978576895    0.6006403978576895  0.6021706197398623    0.6021706197398623  0.5762806426931906    0.5762806426931906
69  0.42218473895582315    0.42218473895582315  0.41055555555555556    0.41055555555555556  0.38001606425702816    0.38001606425702816  0.44910361445783126    0.44910361445783126  0.31912985274431055    0.31912985274431055  0.582542157612854    0.582542157612854  0.5899268553940321    0.5899268553940321  0.6006403978576895    0.6006403978576895  0.6021706197398623    0.6021706197398623  0.5762806426931906    0.5762806426931906
70  0.42218473895582315    0.42218473895582315  0.41055555555555556    0.41055555555555556  0.38001606425702816    0.38001606425702816  0.44910361445783126    0.44910361445783126  0.31912985274431055    0.31912985274431055  0.582542157612854    0.582542157612854  0.5899268553940321    0.5899268553940321  0.6006403978576895    0.6006403978576895  0.6021706197398623    0.6021706197398623  0.5762806426931906    0.5762806426931906
71  0.42218473895582315    0.42218473895582315  0.41055555555555556    0.41055555555555556  0.38001606425702816    0.38001606425702816  0.44910361445783126    0.44910361445783126  0.31912985274431055    0.31912985274431055  0.582542157612854    0.582542157612854  0.5899268553940321    0.5899268553940321  0.6006403978576895    0.6006403978576895  0.6021706197398623    0.6021706197398623  0.5762806426931906    0.5762806426931906
72  0.42218473895582315    0.42218473895582315  0.41055555555555556    0.41055555555555556  0.38001606425702816    0.38001606425702816  0.44910361445783126    0.44910361445783126  0.31912985274431055    0.31912985274431055  0.582542157612854    0.582542157612854  0.5899268553940321    0.5899268553940321  0.6006403978576895    0.6006403978576895  0.6021706197398623    0.6021706197398623  0.5762806426931906    0.5762806426931906
73  0.42218473895582315    0.42218473895582315  0.41055555555555556    0.41055555555555556  0.38001606425702816    0.38001606425702816  0.44910361445783126    0.44910361445783126  0.31912985274431055    0.31912985274431055  0.582542157612854    0.582542157612854  0.5899268553940321    0.5899268553940321  0.6006403978576895    0.6006403978576895  0.6021706197398623    0.6021706197398623  0.5762806426931906    0.5762806426931906
74  0.42218473895582315    0.42218473895582315  0.41055555555555556    0.41055555555555556  0.38001606425702816    0.38001606425702816  0.44910361445783126    0.44910361445783126  0.31912985274431055    0.31912985274431055  0.582542157612854    0.582542157612854  0.5899268553940321    0.5899268553940321  0.6006403978576895    0.6006403978576895  0.6021706197398623    0.6021706197398623  0.5762806426931906    0.5762806426931906
75  0.42218473895582315    0.42218473895582315  0.41055555555555556    0.41055555555555556  0.38001606425702816    0.38001606425702816  0.44910361445783126    0.44910361445783126  0.31912985274431055    0.31912985274431055  0.582542157612854    0.582542157612854  0.5899268553940321    0.5899268553940321  0.6006403978576895    0.6006403978576895  0.6021706197398623    0.6021706197398623  0.5762806426931906    0.5762806426931906
76  0.42218473895582315    0.42218473895582315  0.41055555555555556    0.41055555555555556  0.38001606425702816    0.38001606425702816  0.44910361445783126    0.44910361445783126  0.31912985274431055    0.31912985274431055  0.582542157612854    0.582542157612854  0.5899268553940321    0.5899268553940321  0.6006403978576895    0.6006403978576895  0.6021706197398623    0.6021706197398623  0.5762806426931906    0.5762806426931906
77  0.42218473895582315    0.42218473895582315  0.41055555555555556    0.41055555555555556  0.38001606425702816    0.38001606425702816  0.44910361445783126    0.44910361445783126  0.31912985274431055    0.31912985274431055  0.582542157612854    0.582542157612854  0.5899268553940321    0.5899268553940321  0.6006403978576895    0.6006403978576895  0.6021706197398623    0.6021706197398623  0.5762806426931906    0.5762806426931906
78  0.42218473895582315    0.42218473895582315  0.41055555555555556    0.41055555555555556  0.38001606425702816    0.38001606425702816  0.44910361445783126    0.44910361445783126  0.31912985274431055    0.31912985274431055  0.582542157612854    0.582542157612854  0.5899268553940321    0.5899268553940321  0.6006403978576895    0.6006403978576895  0.6021706197398623    0.6021706197398623  0.5762806426931906    0.5762806426931906
79  0.42218473895582315    0.42218473895582315  0.41055555555555556    0.41055555555555556  0.38001606425702816    0.38001606425702816  0.44910361445783126    0.44910361445783126  0.31912985274431055    0.31912985274431055  0.582542157612854    0.582542157612854  0.5899268553940321    0.5899268553940321  0.6006403978576895    0.6006403978576895  0.6021706197398623    0.6021706197398623  0.5762806426931906    0.5762806426931906
80  0.42218473895582315    0.42218473895582315  0.41055555555555556    0.41055555555555556  0.38001606425702816    0.38001606425702816  0.44910361445783126    0.44910361445783126  0.31912985274431055    0.31912985274431055  0.582542157612854    0.582542157612854  0.5899268553940321    0.5899268553940321  0.6006403978576895    0.6006403978576895  0.6021706197398623    0.6021706197398623  0.5762806426931906    0.5762806426931906
81  0.42218473895582315    0.42218473895582315  0.41055555555555556    0.41055555555555556  0.38001606425702816    0.38001606425702816  0.44910361445783126    0.44910361445783126  0.31912985274431055    0.31912985274431055  0.582542157612854    0.582542157612854  0.5899268553940321    0.5899268553940321  0.6006403978576895    0.6006403978576895  0.6021706197398623    0.6021706197398623  0.5762806426931906    0.5762806426931906
82  0.42218473895582315    0.42218473895582315  0.41055555555555556    0.41055555555555556  0.38001606425702816    0.38001606425702816  0.44910361445783126    0.44910361445783126  0.31912985274431055    0.31912985274431055  0.582542157612854    0.582542157612854  0.5899268553940321    0.5899268553940321  0.6006403978576895    0.6006403978576895  0.6021706197398623    0.6021706197398623  0.5762806426931906    0.5762806426931906
83  0.42218473895582315    0.42218473895582315  0.41055555555555556    0.41055555555555556  0.38001606425702816    0.38001606425702816  0.44910361445783126    0.44910361445783126  0.31912985274431055    0.31912985274431055  0.582542157612854    0.582542157612854  0.5899268553940321    0.5899268553940321  0.6006403978576895    0.6006403978576895  0.6021706197398623    0.6021706197398623  0.5762806426931906    0.5762806426931906
84  0.42218473895582315    0.42218473895582315  0.41055555555555556    0.41055555555555556  0.38001606425702816    0.38001606425702816  0.44910361445783126    0.44910361445783126  0.31912985274431055    0.31912985274431055  0.582542157612854    0.582542157612854  0.5899268553940321    0.5899268553940321  0.6006403978576895    0.6006403978576895  0.6021706197398623    0.6021706197398623  0.5762806426931906    0.5762806426931906
85  0.42218473895582315    0.42218473895582315  0.41055555555555556    0.41055555555555556  0.38001606425702816    0.38001606425702816  0.44910361445783126    0.44910361445783126  0.31912985274431055    0.31912985274431055  0.582542157612854    0.582542157612854  0.5899268553940321    0.5899268553940321  0.6006403978576895    0.6006403978576895  0.6021706197398623    0.6021706197398623  0.5762806426931906    0.5762806426931906
86  0.42218473895582315    0.42218473895582315  0.41055555555555556    0.41055555555555556  0.38001606425702816    0.38001606425702816  0.44910361445783126    0.44910361445783126  0.31912985274431055    0.31912985274431055  0.582542157612854    0.582542157612854  0.5899268553940321    0.5899268553940321  0.6006403978576895    0.6006403978576895  0.6021706197398623    0.6021706197398623  0.5762806426931906    0.5762806426931906
87  0.42218473895582315    0.42218473895582315  0.41055555555555556    0.41055555555555556  0.38001606425702816    0.38001606425702816  0.44910361445783126    0.44910361445783126  0.31912985274431055    0.31912985274431055  0.582542157612854    0.582542157612854  0.5899268553940321    0.5899268553940321  0.6006403978576895    0.6006403978576895  0.6021706197398623    0.6021706197398623  0.5762806426931906    0.5762806426931906
88  0.42218473895582315    0.42218473895582315  0.41055555555555556    0.41055555555555556  0.38001606425702816    0.38001606425702816  0.44910361445783126    0.44910361445783126  0.31912985274431055    0.31912985274431055  0.582542157612854    0.582542157612854  0.5899268553940321    0.5899268553940321  0.6006403978576895    0.6006403978576895  0.6021706197398623    0.6021706197398623  0.5762806426931906    0.5762806426931906
89  0.42218473895582315    0.42218473895582315  0.41055555555555556    0.41055555555555556  0.38001606425702816    0.38001606425702816  0.44910361445783126    0.44910361445783126  0.31912985274431055    0.31912985274431055  0.582542157612854    0.582542157612854  0.5899268553940321    0.5899268553940321  0.6006403978576895    0.6006403978576895  0.6021706197398623    0.6021706197398623  0.5762806426931906    0.5762806426931906
90  0.42218473895582315    0.42218473895582315  0.41055555555555556    0.41055555555555556  0.38001606425702816    0.38001606425702816  0.44910361445783126    0.44910361445783126  0.31912985274431055    0.31912985274431055  0.582542157612854    0.582542157612854  0.5899268553940321    0.5899268553940321  0.6006403978576895    0.6006403978576895  0.6021706197398623    0.6021706197398623  0.5762806426931906    0.5762806426931906
91  0.42218473895582315    0.42218473895582315  0.41055555555555556    0.41055555555555556  0.38001606425702816    0.38001606425702816  0.44910361445783126    0.44910361445783126  0.31912985274431055    0.31912985274431055  0.582542157612854    0.582542157612854  0.5899268553940321    0.5899268553940321  0.6006403978576895    0.6006403978576895  0.6021706197398623    0.6021706197398623  0.5762806426931906    0.5762806426931906
92  0.42218473895582315    0.42218473895582315  0.41055555555555556    0.41055555555555556  0.38001606425702816    0.38001606425702816  0.44910361445783126    0.44910361445783126  0.31912985274431055    0.31912985274431055  0.582542157612854    0.582542157612854  0.5899268553940321    0.5899268553940321  0.6006403978576895    0.6006403978576895  0.6021706197398623    0.6021706197398623  0.5762806426931906    0.5762806426931906
93  0.42218473895582315    0.42218473895582315  0.41055555555555556    0.41055555555555556  0.38001606425702816    0.38001606425702816  0.44910361445783126    0.44910361445783126  0.31912985274431055    0.31912985274431055  0.582542157612854    0.582542157612854  0.5899268553940321    0.5899268553940321  0.6006403978576895    0.6006403978576895  0.6021706197398623    0.6021706197398623  0.5762806426931906    0.5762806426931906
94  0.42218473895582315    0.42218473895582315  0.41055555555555556    0.41055555555555556  0.38001606425702816    0.38001606425702816  0.44910361445783126    0.44910361445783126  0.31912985274431055    0.31912985274431055  0.582542157612854    0.582542157612854  0.5899268553940321    0.5899268553940321  0.6006403978576895    0.6006403978576895  0.6021706197398623    0.6021706197398623  0.5762806426931906    0.5762806426931906
95  0.42218473895582315    0.42218473895582315  0.41055555555555556    0.41055555555555556  0.38001606425702816    0.38001606425702816  0.44910361445783126    0.44910361445783126  0.31912985274431055    0.31912985274431055  0.582542157612854    0.582542157612854  0.5899268553940321    0.5899268553940321  0.6006403978576895    0.6006403978576895  0.6021706197398623    0.6021706197398623  0.5762806426931906    0.5762806426931906
96  0.42218473895582315    0.42218473895582315  0.41055555555555556    0.41055555555555556  0.38001606425702816    0.38001606425702816  0.44910361445783126    0.44910361445783126  0.31912985274431055    0.31912985274431055  0.582542157612854    0.582542157612854  0.5899268553940321    0.5899268553940321  0.6006403978576895    0.6006403978576895  0.6021706197398623    0.6021706197398623  0.5762806426931906    0.5762806426931906
97  0.42218473895582315    0.42218473895582315  0.41055555555555556    0.41055555555555556  0.38001606425702816    0.38001606425702816  0.44910361445783126    0.44910361445783126  0.31912985274431055    0.31912985274431055  0.582542157612854    0.582542157612854  0.5899268553940321    0.5899268553940321  0.6006403978576895    0.6006403978576895  0.6021706197398623    0.6021706197398623  0.5762806426931906    0.5762806426931906
98  0.42218473895582315    0.42218473895582315  0.41055555555555556    0.41055555555555556  0.38001606425702816    0.38001606425702816  0.44910361445783126    0.44910361445783126  0.31912985274431055    0.31912985274431055  0.582542157612854    0.582542157612854  0.5899268553940321    0.5899268553940321  0.6006403978576895    0.6006403978576895  0.6021706197398623    0.6021706197398623  0.5762806426931906    0.5762806426931906
99  0.42218473895582315    0.42218473895582315  0.41055555555555556    0.41055555555555556  0.38001606425702816    0.38001606425702816  0.44910361445783126    0.44910361445783126  0.31912985274431055    0.31912985274431055  0.582542157612854    0.582542157612854  0.5899268553940321    0.5899268553940321  0.6006403978576895    0.6006403978576895  0.6021706197398623    0.6021706197398623  0.5762806426931906    0.5762806426931906
