Params:
{'populationSize': 100, 'mutationRate': 0.0, 'crossoverRate': 0.9, 'crossoverSelect': 1, 'generations': 100, 'chromosomeSize': 26, 'elitism': 2}

Generation Data:
Generation   Average Fitness    Best Fitness Average Fitness    Best Fitness Average Fitness    Best Fitness Average Fitness    Best Fitness Average Fitness    Best Fitness Average Fitness    Best Fitness Average Fitness    Best Fitness Average Fitness    Best Fitness Average Fitness    Best Fitness Average Fitness    Best Fitness
0  0.7154149103078983    0.6443001338688086  0.7121306639892905    0.5882345381526105  0.7123784605087015    0.6470843373493976  0.7117433842034806    0.6209799196787148  0.7133795368139224    0.5730144578313252  0.712275442999235    0.6664777352716144  0.7117836939556236    0.6543597551644988  0.7075037597551644    0.6474737566947206  0.7128597964804897    0.6681317521040552  0.7122872762050497    0.6687730680948737
1  0.6930568005354751    0.6105825970548862  0.6888209879518072    0.5882345381526105  0.6947954564926373    0.5978273092369477  0.691326203480589    0.6125528781793842  0.6905592101740295    0.5730144578313252  0.6954758974751338    0.6557283856159143  0.6970042172915073    0.6543597551644988  0.6977193695485845    0.6474737566947206  0.698863921958684    0.66277597551645  0.7011357459831676    0.6566550879877585
2  0.6759248032128514    0.5909965194109772  0.6760926907630522    0.5669001338688087  0.6806834832663989    0.5311745649263722  0.6659049236947792    0.5737381526104418  0.673518969210174    0.5716757697456493  0.6850025570007651    0.6419941851568477  0.6864960612088753    0.6520644223412395  0.6908598500382556    0.6474737566947206  0.6919603596021423    0.6574201989288447  0.6902391247130834    0.6488423871461361
3  0.6599446318607763    0.5749322623828649  0.6504330093708165    0.5669001338688087  0.6593418206157965    0.5125767068273093  0.6363422998661312    0.5737381526104418  0.6525643882195449    0.5572854082998661  0.6802447192042845    0.6419941851568477  0.6849145386381025    0.6520644223412395  0.6794103198163733    0.6321715378729917  0.6843754123947973    0.6427214996174445  0.6832821866870696    0.6367622035195103
4  0.6341143828647925    0.556616064257028  0.6149106854082999    0.5546080321285141  0.6089144310575636    0.4721352074966532  0.6068224497991968    0.5460133868808568  0.624213360107095    0.5572854082998661  0.6721282647283856    0.6331632746748277  0.6768546472838561    0.6520644223412395  0.6680809166029075    0.6321715378729917  0.6772994613618976    0.6324708492731446  0.6721922570772761    0.6258890589135425
5  0.6022762275769745    0.5500599732262382  0.585603812583668    0.49653440428380174  0.5550986506024096    0.4721352074966532  0.5857828995983936    0.5406586345381527  0.5900594056224899    0.5107129852744311  0.6595123320581484    0.6328128538638104  0.6685341162968631    0.6138133129303749  0.6584450267788831    0.6099833205814844  0.670625505738332    0.6291110941086459  0.6634587850038255    0.6258890589135425
6  0.5791832369477912    0.5177941097724231  0.559681078982597    0.4868160642570281  0.5205739170013387    0.4540629183400267  0.5666211459170013    0.519239625167336  0.5665504042838019    0.47194350736278456  0.6478503091048202    0.6283081866870697  0.6651682662586075    0.6138133129303749  0.6508298806426932    0.6099833205814844  0.6628582172915073    0.6291110941086459  0.6509817735271615    0.6198059678653405
7  0.559718297188755    0.4982838018741633  0.5262204605087014    0.4635327978580991  0.4950362168674699    0.4446921017402945  0.5479842034805891    0.48577242302543505  0.5440510281124498    0.46391164658634537  0.641969207345065    0.6235937260902832  0.660329663351186    0.6138133129303749  0.6414861912777353    0.6099833205814844  0.6571184284621271    0.6291110941086459  0.646472806426932    0.6144123947972457
8  0.5398504123159303    0.4771014725568942  0.5043314243641231    0.4635327978580991  0.47491156626506026    0.43532128514056223  0.5270169236947791    0.47687282463186076  0.5141938848728246    0.4510567603748328  0.6377480627390972    0.6221872991583779  0.6517117490436114    0.6138133129303749  0.6300334276970161    0.6014433052792655  0.6509869671002295    0.6283459831675594  0.6316415531752103    0.6144123947972457
9  0.5176106586345381    0.4542  0.48574430254350737    0.4453692101740294  0.4611555582329317    0.42648674698795186  0.5094006238286479    0.4597204819277109  0.48640724765729587    0.44650843373493976  0.6304750726855395    0.6197681713848509  0.6513458301453712    0.6138133129303749  0.6229931201224178    0.5977415455241011  0.6444562892119358    0.6229902065799542  0.627999663351186    0.6030595256312165
10  0.49479499330655957    0.4345073627844713  0.4707520963855421    0.4438854082998662  0.4512091137884873    0.4132329317269077  0.4929794725568942    0.44602784471218193  0.46532835073627843    0.4364682730923695  0.6272298806426931    0.612919969395562  0.6480456771231828    0.610710635042081  0.6175407559296098    0.5945573068094875  0.6358515394032135    0.6152153022188218  0.6212738882938026    0.6015293037490437
11  0.4766128380187416    0.4239488621151271  0.46062897456492635    0.43773279785809915  0.4398690682730924    0.40386211512717535  0.47524644712182057    0.4275919678714859  0.4557800910307898    0.4364682730923695  0.6239075853098699    0.612919969395562  0.6382790986993114    0.610710635042081  0.6087040856924254    0.5923857689364957  0.6297818469778118    0.6137710788064269  0.6187485631216526    0.5999990818668707
12  0.45364065595716196    0.40897269076305215  0.4531510441767068    0.42638366800535465  0.4261290120481928    0.40386211512717535  0.45663966532797856    0.4128663989290494  0.4475347978580991    0.4364682730923695  0.6194307390971691    0.6053548584544759  0.6272239403213465    0.5885646518745217  0.6006495899005356    0.5903548584544759  0.6264827865340474    0.6114757459831675  0.6119644437643459    0.5952846212700843
13  0.4323731700133869    0.39812610441767066  0.4464543962516733    0.42585140562248996  0.4138468032128514    0.398895046854083  0.44008096921017403    0.38168888888888886  0.44216971352074963    0.4364682730923695  0.615079830145371    0.6030595256312166  0.6197006625860749    0.5885646518745217  0.5968333557765877    0.586264881407804  0.6209228737566947    0.6107106350420811  0.6088805309869931    0.5931130833970926
14  0.42072831593038823    0.383590093708166  0.43809891298527437    0.4141526104417671  0.4066328192771084    0.3895242302543507  0.42272253815261046    0.3736567603748327  0.4382071967871486    0.4277668005354752  0.610622168324407    0.5954084162203519  0.6091660703902065    0.5885646518745217  0.5928959005355776    0.5832044376434582  0.617152584544759    0.6061199693955625  0.600008636572303    0.5892875286916601
15  0.4046191218206158    0.366993842034806  0.4291445676037483    0.39641445783132534  0.40335127175368135    0.3895242302543507  0.4060983186077644    0.36629397590361445  0.435718607764391    0.4277668005354752  0.6058276006120887    0.5946433052792655  0.6023628201989287    0.5817770466717673  0.589662312165264    0.5811735271614384  0.6165359112471308    0.6061199693955625  0.5960920015302219    0.5869921958684009
16  0.39105782864792504    0.3554251673360107  0.4204647844712182    0.39641445783132534  0.39982972690763047    0.3895242302543507  0.3904624471218206    0.3656677376171352  0.43282704149933066    0.4277668005354752  0.6009644896710022    0.5929892884468247  0.5902227115531751    0.5817770466717673  0.586352687069625    0.5795195103289976  0.6099717750573833    0.6046275439938791  0.5927786794185157    0.5824015302218821
17  0.3791599625167336    0.3440463186077644  0.4138784364123159    0.3940722891566264  0.3931592369477911    0.3895242302543507  0.3769894966532798    0.3636165997322624  0.4298551539491299    0.4277668005354752  0.5972474889058913    0.586992195868401  0.5909603091048201    0.5761990818668707  0.5842641958684008    0.5772241775057382  0.607436624330528    0.6045897475133895  0.5884443136954858    0.5824015302218821
18  0.3662676733601071    0.3412318607764391  0.40778627576974563    0.3940722891566264  0.3896676091030789    0.3895242302543507  0.36862157697456494    0.3629472556894244  0.4279408299866131    0.4277668005354752  0.5946665707727621    0.5831666411629687  0.590641505738332    0.5761990818668707  0.5821426457536343    0.5772241775057382  0.6056125447589901    0.5992717674062739  0.585774986993114    0.5785759755164499
19  0.3557202838018742    0.33491941097724237  0.4001301526104417    0.3940722891566264  0.3895242302543507    0.3895242302543507  0.36549175100401604    0.3602698795180723  0.4277668005354752    0.4277668005354752  0.5922609288446824    0.5811357306809486  0.5841209640397858    0.5739037490436113  0.5803830436113235    0.5763184391736802  0.6044575133894415    0.5992717674062739  0.5837436648814078    0.5762806426931903
20  0.3439523641231593    0.3314356091030789  0.39516537884872815    0.3940722891566264  0.3895242302543507    0.3895242302543507  0.36434439625167336    0.3601630522088353  0.4277668005354752    0.4277668005354752  0.5887590864575363    0.5803706197398624  0.578450688599847    0.5739037490436113  0.5788613925019127    0.5763184391736802  0.6023958714613619    0.5992717674062739  0.5819887482785003    0.5762806426931903
21  0.3386575876840696    0.3233566265060242  0.3941845301204818    0.3940722891566264  0.3895242302543507    0.3895242302543507  0.362777547523427    0.35692315930388224  0.4277668005354752    0.4277668005354752  0.5848508324407039    0.5757799540933435  0.5764740688599848    0.5739037490436113  0.5775896296863045    0.5763184391736802  0.600231271614384    0.5992717674062739  0.5805273863810252    0.5739853098699311
22  0.33389029718875496    0.3233566265060242  0.3940722891566264    0.3940722891566264  0.3895242302543507    0.3895242302543507  0.3609945488621151    0.35491512717536816  0.4277668005354752    0.4277668005354752  0.581761570007651    0.5757799540933435  0.5759925019127774    0.5739037490436113  0.5768677689364957    0.5763184391736802  0.5993402494261667    0.5992717674062739  0.5785530221882172    0.5739853098699311
23  0.3301800990629184    0.3214859437751004  0.3940722891566264    0.3940722891566264  0.3895242302543507    0.3895242302543507  0.3594584497991968    0.35491512717536816  0.4277668005354752    0.4277668005354752  0.580141883703137    0.575515531752104  0.575556388676358    0.5739037490436113  0.5765224713083397    0.5763184391736802  0.5992717674062739    0.5992717674062739  0.5763877582249425    0.5732201989288448
24  0.3267240749665328    0.31326398929049526  0.3940722891566264    0.3940722891566264  0.3895242302543507    0.3895242302543507  0.3577277081659973    0.35491512717536816  0.4277668005354752    0.4277668005354752  0.5779549762815608    0.5723312930374904  0.5747071155317521    0.5739037490436113  0.5763184391736802    0.5763184391736802  0.5992717674062739    0.5992717674062739  0.5746280030604438    0.5732201989288448
25  0.322957780455154    0.31087576974564934  0.3940722891566264    0.3940722891566264  0.3895242302543507    0.3895242302543507  0.3561177215528782    0.3535764390896921  0.4277668005354752    0.4277668005354752  0.5763162264728385    0.5723312930374904  0.5739955623565417    0.5739037490436113  0.5763184391736802    0.5763184391736802  0.5992717674062739    0.5992717674062739  0.573763427697016    0.5732201989288448
26  0.3214147228915663    0.31087576974564934  0.3940722891566264    0.3940722891566264  0.3895242302543507    0.3895242302543507  0.35537974832663993    0.3535764390896921  0.4277668005354752    0.4277668005354752  0.5755113649579189    0.5723312930374904  0.5739037490436113    0.5739037490436113  0.5763184391736802    0.5763184391736802  0.5992717674062739    0.5992717674062739  0.5733808722264729    0.5732201989288448
27  0.31813575635876845    0.31087576974564934  0.3940722891566264    0.3940722891566264  0.3895242302543507    0.3895242302543507  0.35493015796519417    0.3535764390896921  0.4277668005354752    0.4277668005354752  0.575109635807192    0.5723312930374904  0.5739037490436113    0.5739037490436113  0.5763184391736802    0.5763184391736802  0.5992717674062739    0.5992717674062739  0.5732201989288448    0.5732201989288448
28  0.3129082061579653    0.31087576974564934  0.3940722891566264    0.3940722891566264  0.3895242302543507    0.3895242302543507  0.3542930682730924    0.3535764390896921  0.4277668005354752    0.4277668005354752  0.5743949977046672    0.5723312930374904  0.5739037490436113    0.5739037490436113  0.5763184391736802    0.5763184391736802  0.5992717674062739    0.5992717674062739  0.5732201989288448    0.5732201989288448
29  0.3111748326639894    0.31087576974564934  0.3940722891566264    0.3940722891566264  0.3895242302543507    0.3895242302543507  0.3537164926372155    0.3535764390896921  0.4277668005354752    0.4277668005354752  0.5731398270849273    0.5723312930374904  0.5739037490436113    0.5739037490436113  0.5763184391736802    0.5763184391736802  0.5992717674062739    0.5992717674062739  0.5732201989288448    0.5732201989288448
30  0.31087576974564934    0.31087576974564934  0.3940722891566264    0.3940722891566264  0.3895242302543507    0.3895242302543507  0.3535764390896921    0.3535764390896921  0.4277668005354752    0.4277668005354752  0.5724242402448355    0.5723312930374904  0.5739037490436113    0.5739037490436113  0.5763184391736802    0.5763184391736802  0.5992717674062739    0.5992717674062739  0.5732201989288448    0.5732201989288448
31  0.31087576974564934    0.31087576974564934  0.3940722891566264    0.3940722891566264  0.3895242302543507    0.3895242302543507  0.3535764390896921    0.3535764390896921  0.4277668005354752    0.4277668005354752  0.5723312930374904    0.5723312930374904  0.5739037490436113    0.5739037490436113  0.5763184391736802    0.5763184391736802  0.5992717674062739    0.5992717674062739  0.5732201989288448    0.5732201989288448
32  0.31087576974564934    0.31087576974564934  0.3940722891566264    0.3940722891566264  0.3895242302543507    0.3895242302543507  0.3535764390896921    0.3535764390896921  0.4277668005354752    0.4277668005354752  0.5723312930374904    0.5723312930374904  0.5739037490436113    0.5739037490436113  0.5763184391736802    0.5763184391736802  0.5992717674062739    0.5992717674062739  0.5732201989288448    0.5732201989288448
33  0.31087576974564934    0.31087576974564934  0.3940722891566264    0.3940722891566264  0.3895242302543507    0.3895242302543507  0.3535764390896921    0.3535764390896921  0.4277668005354752    0.4277668005354752  0.5723312930374904    0.5723312930374904  0.5739037490436113    0.5739037490436113  0.5763184391736802    0.5763184391736802  0.5992717674062739    0.5992717674062739  0.5732201989288448    0.5732201989288448
34  0.31087576974564934    0.31087576974564934  0.3940722891566264    0.3940722891566264  0.3895242302543507    0.3895242302543507  0.3535764390896921    0.3535764390896921  0.4277668005354752    0.4277668005354752  0.5723312930374904    0.5723312930374904  0.5739037490436113    0.5739037490436113  0.5763184391736802    0.5763184391736802  0.5992717674062739    0.5992717674062739  0.5732201989288448    0.5732201989288448
35  0.31087576974564934    0.31087576974564934  0.3940722891566264    0.3940722891566264  0.3895242302543507    0.3895242302543507  0.3535764390896921    0.3535764390896921  0.4277668005354752    0.4277668005354752  0.5723312930374904    0.5723312930374904  0.5739037490436113    0.5739037490436113  0.5763184391736802    0.5763184391736802  0.5992717674062739    0.5992717674062739  0.5732201989288448    0.5732201989288448
36  0.31087576974564934    0.31087576974564934  0.3940722891566264    0.3940722891566264  0.3895242302543507    0.3895242302543507  0.3535764390896921    0.3535764390896921  0.4277668005354752    0.4277668005354752  0.5723312930374904    0.5723312930374904  0.5739037490436113    0.5739037490436113  0.5763184391736802    0.5763184391736802  0.5992717674062739    0.5992717674062739  0.5732201989288448    0.5732201989288448
37  0.31087576974564934    0.31087576974564934  0.3940722891566264    0.3940722891566264  0.3895242302543507    0.3895242302543507  0.3535764390896921    0.3535764390896921  0.4277668005354752    0.4277668005354752  0.5723312930374904    0.5723312930374904  0.5739037490436113    0.5739037490436113  0.5763184391736802    0.5763184391736802  0.5992717674062739    0.5992717674062739  0.5732201989288448    0.5732201989288448
38  0.31087576974564934    0.31087576974564934  0.3940722891566264    0.3940722891566264  0.3895242302543507    0.3895242302543507  0.3535764390896921    0.3535764390896921  0.4277668005354752    0.4277668005354752  0.5723312930374904    0.5723312930374904  0.5739037490436113    0.5739037490436113  0.5763184391736802    0.5763184391736802  0.5992717674062739    0.5992717674062739  0.5732201989288448    0.5732201989288448
39  0.31087576974564934    0.31087576974564934  0.3940722891566264    0.3940722891566264  0.3895242302543507    0.3895242302543507  0.3535764390896921    0.3535764390896921  0.4277668005354752    0.4277668005354752  0.5723312930374904    0.5723312930374904  0.5739037490436113    0.5739037490436113  0.5763184391736802    0.5763184391736802  0.5992717674062739    0.5992717674062739  0.5732201989288448    0.5732201989288448
40  0.31087576974564934    0.31087576974564934  0.3940722891566264    0.3940722891566264  0.3895242302543507    0.3895242302543507  0.3535764390896921    0.3535764390896921  0.4277668005354752    0.4277668005354752  0.5723312930374904    0.5723312930374904  0.5739037490436113    0.5739037490436113  0.5763184391736802    0.5763184391736802  0.5992717674062739    0.5992717674062739  0.5732201989288448    0.5732201989288448
41  0.31087576974564934    0.31087576974564934  0.3940722891566264    0.3940722891566264  0.3895242302543507    0.3895242302543507  0.3535764390896921    0.3535764390896921  0.4277668005354752    0.4277668005354752  0.5723312930374904    0.5723312930374904  0.5739037490436113    0.5739037490436113  0.5763184391736802    0.5763184391736802  0.5992717674062739    0.5992717674062739  0.5732201989288448    0.5732201989288448
42  0.31087576974564934    0.31087576974564934  0.3940722891566264    0.3940722891566264  0.3895242302543507    0.3895242302543507  0.3535764390896921    0.3535764390896921  0.4277668005354752    0.4277668005354752  0.5723312930374904    0.5723312930374904  0.5739037490436113    0.5739037490436113  0.5763184391736802    0.5763184391736802  0.5992717674062739    0.5992717674062739  0.5732201989288448    0.5732201989288448
43  0.31087576974564934    0.31087576974564934  0.3940722891566264    0.3940722891566264  0.3895242302543507    0.3895242302543507  0.3535764390896921    0.3535764390896921  0.4277668005354752    0.4277668005354752  0.5723312930374904    0.5723312930374904  0.5739037490436113    0.5739037490436113  0.5763184391736802    0.5763184391736802  0.5992717674062739    0.5992717674062739  0.5732201989288448    0.5732201989288448
44  0.31087576974564934    0.31087576974564934  0.3940722891566264    0.3940722891566264  0.3895242302543507    0.3895242302543507  0.3535764390896921    0.3535764390896921  0.4277668005354752    0.4277668005354752  0.5723312930374904    0.5723312930374904  0.5739037490436113    0.5739037490436113  0.5763184391736802    0.5763184391736802  0.5992717674062739    0.5992717674062739  0.5732201989288448    0.5732201989288448
45  0.31087576974564934    0.31087576974564934  0.3940722891566264    0.3940722891566264  0.3895242302543507    0.3895242302543507  0.3535764390896921    0.3535764390896921  0.4277668005354752    0.4277668005354752  0.5723312930374904    0.5723312930374904  0.5739037490436113    0.5739037490436113  0.5763184391736802    0.5763184391736802  0.5992717674062739    0.5992717674062739  0.5732201989288448    0.5732201989288448
46  0.31087576974564934    0.31087576974564934  0.3940722891566264    0.3940722891566264  0.3895242302543507    0.3895242302543507  0.3535764390896921    0.3535764390896921  0.4277668005354752    0.4277668005354752  0.5723312930374904    0.5723312930374904  0.5739037490436113    0.5739037490436113  0.5763184391736802    0.5763184391736802  0.5992717674062739    0.5992717674062739  0.5732201989288448    0.5732201989288448
47  0.31087576974564934    0.31087576974564934  0.3940722891566264    0.3940722891566264  0.3895242302543507    0.3895242302543507  0.3535764390896921    0.3535764390896921  0.4277668005354752    0.4277668005354752  0.5723312930374904    0.5723312930374904  0.5739037490436113    0.5739037490436113  0.5763184391736802    0.5763184391736802  0.5992717674062739    0.5992717674062739  0.5732201989288448    0.5732201989288448
48  0.31087576974564934    0.31087576974564934  0.3940722891566264    0.3940722891566264  0.3895242302543507    0.3895242302543507  0.3535764390896921    0.3535764390896921  0.4277668005354752    0.4277668005354752  0.5723312930374904    0.5723312930374904  0.5739037490436113    0.5739037490436113  0.5763184391736802    0.5763184391736802  0.5992717674062739    0.5992717674062739  0.5732201989288448    0.5732201989288448
49  0.31087576974564934    0.31087576974564934  0.3940722891566264    0.3940722891566264  0.3895242302543507    0.3895242302543507  0.3535764390896921    0.3535764390896921  0.4277668005354752    0.4277668005354752  0.5723312930374904    0.5723312930374904  0.5739037490436113    0.5739037490436113  0.5763184391736802    0.5763184391736802  0.5992717674062739    0.5992717674062739  0.5732201989288448    0.5732201989288448
50  0.31087576974564934    0.31087576974564934  0.3940722891566264    0.3940722891566264  0.3895242302543507    0.3895242302543507  0.3535764390896921    0.3535764390896921  0.4277668005354752    0.4277668005354752  0.5723312930374904    0.5723312930374904  0.5739037490436113    0.5739037490436113  0.5763184391736802    0.5763184391736802  0.5992717674062739    0.5992717674062739  0.5732201989288448    0.5732201989288448
51  0.31087576974564934    0.31087576974564934  0.3940722891566264    0.3940722891566264  0.3895242302543507    0.3895242302543507  0.3535764390896921    0.3535764390896921  0.4277668005354752    0.4277668005354752  0.5723312930374904    0.5723312930374904  0.5739037490436113    0.5739037490436113  0.5763184391736802    0.5763184391736802  0.5992717674062739    0.5992717674062739  0.5732201989288448    0.5732201989288448
52  0.31087576974564934    0.31087576974564934  0.3940722891566264    0.3940722891566264  0.3895242302543507    0.3895242302543507  0.3535764390896921    0.3535764390896921  0.4277668005354752    0.4277668005354752  0.5723312930374904    0.5723312930374904  0.5739037490436113    0.5739037490436113  0.5763184391736802    0.5763184391736802  0.5992717674062739    0.5992717674062739  0.5732201989288448    0.5732201989288448
53  0.31087576974564934    0.31087576974564934  0.3940722891566264    0.3940722891566264  0.3895242302543507    0.3895242302543507  0.3535764390896921    0.3535764390896921  0.4277668005354752    0.4277668005354752  0.5723312930374904    0.5723312930374904  0.5739037490436113    0.5739037490436113  0.5763184391736802    0.5763184391736802  0.5992717674062739    0.5992717674062739  0.5732201989288448    0.5732201989288448
54  0.31087576974564934    0.31087576974564934  0.3940722891566264    0.3940722891566264  0.3895242302543507    0.3895242302543507  0.3535764390896921    0.3535764390896921  0.4277668005354752    0.4277668005354752  0.5723312930374904    0.5723312930374904  0.5739037490436113    0.5739037490436113  0.5763184391736802    0.5763184391736802  0.5992717674062739    0.5992717674062739  0.5732201989288448    0.5732201989288448
55  0.31087576974564934    0.31087576974564934  0.3940722891566264    0.3940722891566264  0.3895242302543507    0.3895242302543507  0.3535764390896921    0.3535764390896921  0.4277668005354752    0.4277668005354752  0.5723312930374904    0.5723312930374904  0.5739037490436113    0.5739037490436113  0.5763184391736802    0.5763184391736802  0.5992717674062739    0.5992717674062739  0.5732201989288448    0.5732201989288448
56  0.31087576974564934    0.31087576974564934  0.3940722891566264    0.3940722891566264  0.3895242302543507    0.3895242302543507  0.3535764390896921    0.3535764390896921  0.4277668005354752    0.4277668005354752  0.5723312930374904    0.5723312930374904  0.5739037490436113    0.5739037490436113  0.5763184391736802    0.5763184391736802  0.5992717674062739    0.5992717674062739  0.5732201989288448    0.5732201989288448
57  0.31087576974564934    0.31087576974564934  0.3940722891566264    0.3940722891566264  0.3895242302543507    0.3895242302543507  0.3535764390896921    0.3535764390896921  0.4277668005354752    0.4277668005354752  0.5723312930374904    0.5723312930374904  0.5739037490436113    0.5739037490436113  0.5763184391736802    0.5763184391736802  0.5992717674062739    0.5992717674062739  0.5732201989288448    0.5732201989288448
58  0.31087576974564934    0.31087576974564934  0.3940722891566264    0.3940722891566264  0.3895242302543507    0.3895242302543507  0.3535764390896921    0.3535764390896921  0.4277668005354752    0.4277668005354752  0.5723312930374904    0.5723312930374904  0.5739037490436113    0.5739037490436113  0.5763184391736802    0.5763184391736802  0.5992717674062739    0.5992717674062739  0.5732201989288448    0.5732201989288448
59  0.31087576974564934    0.31087576974564934  0.3940722891566264    0.3940722891566264  0.3895242302543507    0.3895242302543507  0.3535764390896921    0.3535764390896921  0.4277668005354752    0.4277668005354752  0.5723312930374904    0.5723312930374904  0.5739037490436113    0.5739037490436113  0.5763184391736802    0.5763184391736802  0.5992717674062739    0.5992717674062739  0.5732201989288448    0.5732201989288448
60  0.31087576974564934    0.31087576974564934  0.3940722891566264    0.3940722891566264  0.3895242302543507    0.3895242302543507  0.3535764390896921    0.3535764390896921  0.4277668005354752    0.4277668005354752  0.5723312930374904    0.5723312930374904  0.5739037490436113    0.5739037490436113  0.5763184391736802    0.5763184391736802  0.5992717674062739    0.5992717674062739  0.5732201989288448    0.5732201989288448
61  0.31087576974564934    0.31087576974564934  0.3940722891566264    0.3940722891566264  0.3895242302543507    0.3895242302543507  0.3535764390896921    0.3535764390896921  0.4277668005354752    0.4277668005354752  0.5723312930374904    0.5723312930374904  0.5739037490436113    0.5739037490436113  0.5763184391736802    0.5763184391736802  0.5992717674062739    0.5992717674062739  0.5732201989288448    0.5732201989288448
62  0.31087576974564934    0.31087576974564934  0.3940722891566264    0.3940722891566264  0.3895242302543507    0.3895242302543507  0.3535764390896921    0.3535764390896921  0.4277668005354752    0.4277668005354752  0.5723312930374904    0.5723312930374904  0.5739037490436113    0.5739037490436113  0.5763184391736802    0.5763184391736802  0.5992717674062739    0.5992717674062739  0.5732201989288448    0.5732201989288448
63  0.31087576974564934    0.31087576974564934  0.3940722891566264    0.3940722891566264  0.3895242302543507    0.3895242302543507  0.3535764390896921    0.3535764390896921  0.4277668005354752    0.4277668005354752  0.5723312930374904    0.5723312930374904  0.5739037490436113    0.5739037490436113  0.5763184391736802    0.5763184391736802  0.5992717674062739    0.5992717674062739  0.5732201989288448    0.5732201989288448
64  0.31087576974564934    0.31087576974564934  0.3940722891566264    0.3940722891566264  0.3895242302543507    0.3895242302543507  0.3535764390896921    0.3535764390896921  0.4277668005354752    0.4277668005354752  0.5723312930374904    0.5723312930374904  0.5739037490436113    0.5739037490436113  0.5763184391736802    0.5763184391736802  0.5992717674062739    0.5992717674062739  0.5732201989288448    0.5732201989288448
65  0.31087576974564934    0.31087576974564934  0.3940722891566264    0.3940722891566264  0.3895242302543507    0.3895242302543507  0.3535764390896921    0.3535764390896921  0.4277668005354752    0.4277668005354752  0.5723312930374904    0.5723312930374904  0.5739037490436113    0.5739037490436113  0.5763184391736802    0.5763184391736802  0.5992717674062739    0.5992717674062739  0.5732201989288448    0.5732201989288448
66  0.31087576974564934    0.31087576974564934  0.3940722891566264    0.3940722891566264  0.3895242302543507    0.3895242302543507  0.3535764390896921    0.3535764390896921  0.4277668005354752    0.4277668005354752  0.5723312930374904    0.5723312930374904  0.5739037490436113    0.5739037490436113  0.5763184391736802    0.5763184391736802  0.5992717674062739    0.5992717674062739  0.5732201989288448    0.5732201989288448
67  0.31087576974564934    0.31087576974564934  0.3940722891566264    0.3940722891566264  0.3895242302543507    0.3895242302543507  0.3535764390896921    0.3535764390896921  0.4277668005354752    0.4277668005354752  0.5723312930374904    0.5723312930374904  0.5739037490436113    0.5739037490436113  0.5763184391736802    0.5763184391736802  0.5992717674062739    0.5992717674062739  0.5732201989288448    0.5732201989288448
68  0.31087576974564934    0.31087576974564934  0.3940722891566264    0.3940722891566264  0.3895242302543507    0.3895242302543507  0.3535764390896921    0.3535764390896921  0.4277668005354752    0.4277668005354752  0.5723312930374904    0.5723312930374904  0.5739037490436113    0.5739037490436113  0.5763184391736802    0.5763184391736802  0.5992717674062739    0.5992717674062739  0.5732201989288448    0.5732201989288448
69  0.31087576974564934    0.31087576974564934  0.3940722891566264    0.3940722891566264  0.3895242302543507    0.3895242302543507  0.3535764390896921    0.3535764390896921  0.4277668005354752    0.4277668005354752  0.5723312930374904    0.5723312930374904  0.5739037490436113    0.5739037490436113  0.5763184391736802    0.5763184391736802  0.5992717674062739    0.5992717674062739  0.5732201989288448    0.5732201989288448
70  0.31087576974564934    0.31087576974564934  0.3940722891566264    0.3940722891566264  0.3895242302543507    0.3895242302543507  0.3535764390896921    0.3535764390896921  0.4277668005354752    0.4277668005354752  0.5723312930374904    0.5723312930374904  0.5739037490436113    0.5739037490436113  0.5763184391736802    0.5763184391736802  0.5992717674062739    0.5992717674062739  0.5732201989288448    0.5732201989288448
71  0.31087576974564934    0.31087576974564934  0.3940722891566264    0.3940722891566264  0.3895242302543507    0.3895242302543507  0.3535764390896921    0.3535764390896921  0.4277668005354752    0.4277668005354752  0.5723312930374904    0.5723312930374904  0.5739037490436113    0.5739037490436113  0.5763184391736802    0.5763184391736802  0.5992717674062739    0.5992717674062739  0.5732201989288448    0.5732201989288448
72  0.31087576974564934    0.31087576974564934  0.3940722891566264    0.3940722891566264  0.3895242302543507    0.3895242302543507  0.3535764390896921    0.3535764390896921  0.4277668005354752    0.4277668005354752  0.5723312930374904    0.5723312930374904  0.5739037490436113    0.5739037490436113  0.5763184391736802    0.5763184391736802  0.5992717674062739    0.5992717674062739  0.5732201989288448    0.5732201989288448
73  0.31087576974564934    0.31087576974564934  0.3940722891566264    0.3940722891566264  0.3895242302543507    0.3895242302543507  0.3535764390896921    0.3535764390896921  0.4277668005354752    0.4277668005354752  0.5723312930374904    0.5723312930374904  0.5739037490436113    0.5739037490436113  0.5763184391736802    0.5763184391736802  0.5992717674062739    0.5992717674062739  0.5732201989288448    0.5732201989288448
74  0.31087576974564934    0.31087576974564934  0.3940722891566264    0.3940722891566264  0.3895242302543507    0.3895242302543507  0.3535764390896921    0.3535764390896921  0.4277668005354752    0.4277668005354752  0.5723312930374904    0.5723312930374904  0.5739037490436113    0.5739037490436113  0.5763184391736802    0.5763184391736802  0.5992717674062739    0.5992717674062739  0.5732201989288448    0.5732201989288448
75  0.31087576974564934    0.31087576974564934  0.3940722891566264    0.3940722891566264  0.3895242302543507    0.3895242302543507  0.3535764390896921    0.3535764390896921  0.4277668005354752    0.4277668005354752  0.5723312930374904    0.5723312930374904  0.5739037490436113    0.5739037490436113  0.5763184391736802    0.5763184391736802  0.5992717674062739    0.5992717674062739  0.5732201989288448    0.5732201989288448
76  0.31087576974564934    0.31087576974564934  0.3940722891566264    0.3940722891566264  0.3895242302543507    0.3895242302543507  0.3535764390896921    0.3535764390896921  0.4277668005354752    0.4277668005354752  0.5723312930374904    0.5723312930374904  0.5739037490436113    0.5739037490436113  0.5763184391736802    0.5763184391736802  0.5992717674062739    0.5992717674062739  0.5732201989288448    0.5732201989288448
77  0.31087576974564934    0.31087576974564934  0.3940722891566264    0.3940722891566264  0.3895242302543507    0.3895242302543507  0.3535764390896921    0.3535764390896921  0.4277668005354752    0.4277668005354752  0.5723312930374904    0.5723312930374904  0.5739037490436113    0.5739037490436113  0.5763184391736802    0.5763184391736802  0.5992717674062739    0.5992717674062739  0.5732201989288448    0.5732201989288448
78  0.31087576974564934    0.31087576974564934  0.3940722891566264    0.3940722891566264  0.3895242302543507    0.3895242302543507  0.3535764390896921    0.3535764390896921  0.4277668005354752    0.4277668005354752  0.5723312930374904    0.5723312930374904  0.5739037490436113    0.5739037490436113  0.5763184391736802    0.5763184391736802  0.5992717674062739    0.5992717674062739  0.5732201989288448    0.5732201989288448
79  0.31087576974564934    0.31087576974564934  0.3940722891566264    0.3940722891566264  0.3895242302543507    0.3895242302543507  0.3535764390896921    0.3535764390896921  0.4277668005354752    0.4277668005354752  0.5723312930374904    0.5723312930374904  0.5739037490436113    0.5739037490436113  0.5763184391736802    0.5763184391736802  0.5992717674062739    0.5992717674062739  0.5732201989288448    0.5732201989288448
80  0.31087576974564934    0.31087576974564934  0.3940722891566264    0.3940722891566264  0.3895242302543507    0.3895242302543507  0.3535764390896921    0.3535764390896921  0.4277668005354752    0.4277668005354752  0.5723312930374904    0.5723312930374904  0.5739037490436113    0.5739037490436113  0.5763184391736802    0.5763184391736802  0.5992717674062739    0.5992717674062739  0.5732201989288448    0.5732201989288448
81  0.31087576974564934    0.31087576974564934  0.3940722891566264    0.3940722891566264  0.3895242302543507    0.3895242302543507  0.3535764390896921    0.3535764390896921  0.4277668005354752    0.4277668005354752  0.5723312930374904    0.5723312930374904  0.5739037490436113    0.5739037490436113  0.5763184391736802    0.5763184391736802  0.5992717674062739    0.5992717674062739  0.5732201989288448    0.5732201989288448
82  0.31087576974564934    0.31087576974564934  0.3940722891566264    0.3940722891566264  0.3895242302543507    0.3895242302543507  0.3535764390896921    0.3535764390896921  0.4277668005354752    0.4277668005354752  0.5723312930374904    0.5723312930374904  0.5739037490436113    0.5739037490436113  0.5763184391736802    0.5763184391736802  0.5992717674062739    0.5992717674062739  0.5732201989288448    0.5732201989288448
83  0.31087576974564934    0.31087576974564934  0.3940722891566264    0.3940722891566264  0.3895242302543507    0.3895242302543507  0.3535764390896921    0.3535764390896921  0.4277668005354752    0.4277668005354752  0.5723312930374904    0.5723312930374904  0.5739037490436113    0.5739037490436113  0.5763184391736802    0.5763184391736802  0.5992717674062739    0.5992717674062739  0.5732201989288448    0.5732201989288448
84  0.31087576974564934    0.31087576974564934  0.3940722891566264    0.3940722891566264  0.3895242302543507    0.3895242302543507  0.3535764390896921    0.3535764390896921  0.4277668005354752    0.4277668005354752  0.5723312930374904    0.5723312930374904  0.5739037490436113    0.5739037490436113  0.5763184391736802    0.5763184391736802  0.5992717674062739    0.5992717674062739  0.5732201989288448    0.5732201989288448
85  0.31087576974564934    0.31087576974564934  0.3940722891566264    0.3940722891566264  0.3895242302543507    0.3895242302543507  0.3535764390896921    0.3535764390896921  0.4277668005354752    0.4277668005354752  0.5723312930374904    0.5723312930374904  0.5739037490436113    0.5739037490436113  0.5763184391736802    0.5763184391736802  0.5992717674062739    0.5992717674062739  0.5732201989288448    0.5732201989288448
86  0.31087576974564934    0.31087576974564934  0.3940722891566264    0.3940722891566264  0.3895242302543507    0.3895242302543507  0.3535764390896921    0.3535764390896921  0.4277668005354752    0.4277668005354752  0.5723312930374904    0.5723312930374904  0.5739037490436113    0.5739037490436113  0.5763184391736802    0.5763184391736802  0.5992717674062739    0.5992717674062739  0.5732201989288448    0.5732201989288448
87  0.31087576974564934    0.31087576974564934  0.3940722891566264    0.3940722891566264  0.3895242302543507    0.3895242302543507  0.3535764390896921    0.3535764390896921  0.4277668005354752    0.4277668005354752  0.5723312930374904    0.5723312930374904  0.5739037490436113    0.5739037490436113  0.5763184391736802    0.5763184391736802  0.5992717674062739    0.5992717674062739  0.5732201989288448    0.5732201989288448
88  0.31087576974564934    0.31087576974564934  0.3940722891566264    0.3940722891566264  0.3895242302543507    0.3895242302543507  0.3535764390896921    0.3535764390896921  0.4277668005354752    0.4277668005354752  0.5723312930374904    0.5723312930374904  0.5739037490436113    0.5739037490436113  0.5763184391736802    0.5763184391736802  0.5992717674062739    0.5992717674062739  0.5732201989288448    0.5732201989288448
89  0.31087576974564934    0.31087576974564934  0.3940722891566264    0.3940722891566264  0.3895242302543507    0.3895242302543507  0.3535764390896921    0.3535764390896921  0.4277668005354752    0.4277668005354752  0.5723312930374904    0.5723312930374904  0.5739037490436113    0.5739037490436113  0.5763184391736802    0.5763184391736802  0.5992717674062739    0.5992717674062739  0.5732201989288448    0.5732201989288448
90  0.31087576974564934    0.31087576974564934  0.3940722891566264    0.3940722891566264  0.3895242302543507    0.3895242302543507  0.3535764390896921    0.3535764390896921  0.4277668005354752    0.4277668005354752  0.5723312930374904    0.5723312930374904  0.5739037490436113    0.5739037490436113  0.5763184391736802    0.5763184391736802  0.5992717674062739    0.5992717674062739  0.5732201989288448    0.5732201989288448
91  0.31087576974564934    0.31087576974564934  0.3940722891566264    0.3940722891566264  0.3895242302543507    0.3895242302543507  0.3535764390896921    0.3535764390896921  0.4277668005354752    0.4277668005354752  0.5723312930374904    0.5723312930374904  0.5739037490436113    0.5739037490436113  0.5763184391736802    0.5763184391736802  0.5992717674062739    0.5992717674062739  0.5732201989288448    0.5732201989288448
92  0.31087576974564934    0.31087576974564934  0.3940722891566264    0.3940722891566264  0.3895242302543507    0.3895242302543507  0.3535764390896921    0.3535764390896921  0.4277668005354752    0.4277668005354752  0.5723312930374904    0.5723312930374904  0.5739037490436113    0.5739037490436113  0.5763184391736802    0.5763184391736802  0.5992717674062739    0.5992717674062739  0.5732201989288448    0.5732201989288448
93  0.31087576974564934    0.31087576974564934  0.3940722891566264    0.3940722891566264  0.3895242302543507    0.3895242302543507  0.3535764390896921    0.3535764390896921  0.4277668005354752    0.4277668005354752  0.5723312930374904    0.5723312930374904  0.5739037490436113    0.5739037490436113  0.5763184391736802    0.5763184391736802  0.5992717674062739    0.5992717674062739  0.5732201989288448    0.5732201989288448
94  0.31087576974564934    0.31087576974564934  0.3940722891566264    0.3940722891566264  0.3895242302543507    0.3895242302543507  0.3535764390896921    0.3535764390896921  0.4277668005354752    0.4277668005354752  0.5723312930374904    0.5723312930374904  0.5739037490436113    0.5739037490436113  0.5763184391736802    0.5763184391736802  0.5992717674062739    0.5992717674062739  0.5732201989288448    0.5732201989288448
95  0.31087576974564934    0.31087576974564934  0.3940722891566264    0.3940722891566264  0.3895242302543507    0.3895242302543507  0.3535764390896921    0.3535764390896921  0.4277668005354752    0.4277668005354752  0.5723312930374904    0.5723312930374904  0.5739037490436113    0.5739037490436113  0.5763184391736802    0.5763184391736802  0.5992717674062739    0.5992717674062739  0.5732201989288448    0.5732201989288448
96  0.31087576974564934    0.31087576974564934  0.3940722891566264    0.3940722891566264  0.3895242302543507    0.3895242302543507  0.3535764390896921    0.3535764390896921  0.4277668005354752    0.4277668005354752  0.5723312930374904    0.5723312930374904  0.5739037490436113    0.5739037490436113  0.5763184391736802    0.5763184391736802  0.5992717674062739    0.5992717674062739  0.5732201989288448    0.5732201989288448
97  0.31087576974564934    0.31087576974564934  0.3940722891566264    0.3940722891566264  0.3895242302543507    0.3895242302543507  0.3535764390896921    0.3535764390896921  0.4277668005354752    0.4277668005354752  0.5723312930374904    0.5723312930374904  0.5739037490436113    0.5739037490436113  0.5763184391736802    0.5763184391736802  0.5992717674062739    0.5992717674062739  0.5732201989288448    0.5732201989288448
98  0.31087576974564934    0.31087576974564934  0.3940722891566264    0.3940722891566264  0.3895242302543507    0.3895242302543507  0.3535764390896921    0.3535764390896921  0.4277668005354752    0.4277668005354752  0.5723312930374904    0.5723312930374904  0.5739037490436113    0.5739037490436113  0.5763184391736802    0.5763184391736802  0.5992717674062739    0.5992717674062739  0.5732201989288448    0.5732201989288448
99  0.31087576974564934    0.31087576974564934  0.3940722891566264    0.3940722891566264  0.3895242302543507    0.3895242302543507  0.3535764390896921    0.3535764390896921  0.4277668005354752    0.4277668005354752  0.5723312930374904    0.5723312930374904  0.5739037490436113    0.5739037490436113  0.5763184391736802    0.5763184391736802  0.5992717674062739    0.5992717674062739  0.5732201989288448    0.5732201989288448
