Params:
{'populationSize': 100, 'mutationRate': 0.1, 'crossoverRate': 0.9, 'crossoverSelect': 1, 'generations': 100, 'chromosomeSize': 26, 'elitism': 2}

Generation Data:
Generation   Average Fitness    Best Fitness Average Fitness    Best Fitness Average Fitness    Best Fitness Average Fitness    Best Fitness Average Fitness    Best Fitness Average Fitness    Best Fitness Average Fitness    Best Fitness Average Fitness    Best Fitness Average Fitness    Best Fitness Average Fitness    Best Fitness
0  0.7113994859437751    0.6231775100401606  0.7111500240963855    0.6145609103078982  0.7105607416331995    0.6402840696117804  0.7130786639892905    0.6359799196787148  0.7117061793842034    0.6294310575635876  0.7078859755164498    0.6527917368018362  0.7091770436113236    0.6615828615149195  0.7089003259372609    0.6681317521040552  0.7101454231063503    0.6658364192807957  0.7105049089517981    0.6679701606732977
1  0.6933974752342703    0.6042768406961178  0.6882595448460509    0.604520749665328  0.690032235609103    0.6298184738955823  0.6958142516733601    0.624463721552878  0.6949515153949131    0.567182061579652  0.694137364957919    0.6527057383320582  0.6951906840091813    0.6519406273909716  0.6924584468247896    0.6459435348125478  0.6990792440703902    0.6508713083397092  0.6964533496557    0.6526679418515684
2  0.6664919892904954    0.5636907630522088  0.6735501927710844    0.604520749665328  0.6749207951807229    0.6030447121820615  0.6827297269076306    0.6033263721552878  0.6821326639892905    0.5638353413654619  0.6904486442234123    0.6527057383320582  0.6900896801836267    0.6375273144605969  0.6891971415455241    0.6424550879877583  0.6941786013771997    0.6508713083397092  0.6865762983932671    0.6526679418515684
3  0.6338848406961178    0.5636907630522088  0.651757250334672    0.5785609103078982  0.6647302998661311    0.5907263721552877  0.6677004016064256    0.5719847389558234  0.6540903828647926    0.5236746987951807  0.6873673175210405    0.6467086457536344  0.6782939280795715    0.6374035195103293  0.6782907941851569    0.6255848508033665  0.6837684407039021    0.6465848508033666  0.683143273144606    0.6519406273909717
4  0.6078261526104418    0.5108503346720216  0.6272455983935743    0.5436629183400266  0.6544614029451138    0.5643601070950469  0.646855204819277    0.5622147255689426  0.6189331004016064    0.4873006693440428  0.6794596205049733    0.6404639632746747  0.6727670665646519    0.6222250956388676  0.6715147589900536    0.6179337413925019  0.6720533710788064    0.6442517214996174  0.6749803488905891    0.6481150726855396
5  0.5799788995983935    0.49264096385542155  0.5983039250334672    0.5215293172690764  0.6313260937081661    0.5592672021419008  0.6151919009370816    0.5419973226238286  0.5800423962516734    0.4873006693440428  0.673250856924254    0.6329366488140782  0.665483935730681    0.6115135424636572  0.6598741622035195    0.6179337413925019  0.6612524269319051    0.6418137719969396  0.6653212654934966    0.6343052792654935
6  0.5502160348058902    0.45486934404283796  0.5700582329317269    0.5132155287817939  0.5996362704149933    0.504263453815261  0.5912884257028113    0.5293724230254351  0.5470009344042839    0.4705673360107094  0.6676053159908187    0.6329366488140781  0.6576078408569243    0.6099833205814843  0.6440890252486611    0.6107484315225706  0.6513865095638868    0.6355690895179801  0.6582877628156082    0.6289495026778883
7  0.52111246854083    0.4434904953145916  0.5458762864792503    0.4835140562248997  0.5684109290495315    0.48189344042838017  0.570267641231593    0.48007523427041504  0.5211676117804551    0.4672206157965194  0.6688648416220352    0.6329366488140781  0.644193755164499    0.6099833205814843  0.6288446809487376    0.6107484315225706  0.6455203932670237    0.6309784238714614  0.6443837689364957    0.6174728385615914
8  0.49188714591700133    0.4232728246318608  0.5256085167336011    0.4572722891566266  0.5456165354752343    0.48189344042838017  0.5472178072289157    0.48007523427041504  0.5005719491298527    0.4353737617135207  0.6602730619739863    0.6305175210405509  0.6321487345065034    0.6061577658760519  0.6196320918133129    0.5955868400918134  0.6419615225707728    0.6251617444529457  0.6355846074980872    0.6167455241009946
9  0.4618637001338688    0.4020436412315931  0.5041082463186077    0.4572722891566266  0.5165953145917002    0.4611437751004016  0.5264097617135207    0.45191753681392244  0.48042673360107097    0.43509210174029445  0.6592903733741393    0.6305175210405509  0.6189872899770467    0.6061577658760519  0.6146477383320581    0.5908157612853864  0.6377928936495791    0.6251617444529457  0.629004442234124    0.6129199693955624
10  0.4425282061579652    0.3730720214190094  0.4895744310575636    0.4513006693440429  0.4964476894243641    0.4419949129852744  0.5123068915662651    0.4109429718875503  0.46284502275769746    0.42304390896921024  0.6594050543228768    0.6305175210405508  0.6100166243305278    0.6000368783473604  0.6087829150726854    0.5908157612853864  0.6334182448355012    0.6167077276205049  0.6228265263963275    0.6012250956388676
11  0.42629687817938416    0.3730720214190094  0.4743367309236948    0.4292123159303883  0.48176057831325303    0.43589638554216875  0.48128170013386884    0.4041764390896922  0.44640991432396254    0.4021044176706829  0.6536062938026014    0.6206948737566946  0.6100618102524866    0.6000368783473604  0.6038109655700077    0.5871706197398623  0.6298259755164499    0.6159426166794185  0.6165341423106351    0.6012250956388676
12  0.40746439625167336    0.3402741633199464  0.46363268273092373    0.4246639892904953  0.46911073627844707    0.42164872824631855  0.45510408299866134    0.3899231593038822  0.43285720214190093    0.38632262382864796  0.640249923488906    0.6206948737566946  0.6070711706197398    0.5931508798775823  0.5959375164498852    0.583040856924254  0.6258017765876052    0.615177505738332  0.6122642019892884    0.5951042081101761
13  0.3902033145917001    0.30777697456492636  0.4523955448460509    0.39454350736278443  0.45747948862115123    0.41256331994645246  0.42665538420348065    0.3794838018741633  0.41889971084337346    0.37948406961178055  0.6317060826319816    0.6206948737566946  0.603490843152257    0.5930270849273145  0.591439507268554    0.583040856924254  0.6205810038255547    0.6098217291507269  0.606219909716909    0.5873671002295333
14  0.3691495073627845    0.304522891566265  0.4346474672021419    0.3798179384203481  0.44319578848728247    0.3998457831325303  0.4070807309236948    0.36570923694779117  0.4032853520749666    0.3671006693440429  0.6279485646518745    0.6141459831675593  0.5997190742157613    0.5809091048201989  0.5880136082631982    0.5799804131599081  0.6171216908951798    0.6060339709257843  0.6019506319816373    0.5829002295332822
15  0.34291630254350736    0.301615796519411  0.4150611111111111    0.3798179384203481  0.4295866693440428    0.3951603748326639  0.3949789986613119    0.3460690763052208  0.3903151967871486    0.3164808567603749  0.6228963442999235    0.6098595256312165  0.5957476159143076    0.5809091048201989  0.5853452578423872    0.5761548584544759  0.6131496205049732    0.6021706197398623  0.5962795654169855    0.5808713083397093
16  0.3276246265060241    0.29529103078982594  0.3994036331994646    0.36838661311914317  0.4155847469879518    0.38913627844712184  0.38285226238286474    0.3460690763052208  0.37013638554216866    0.3164808567603749  0.6178145738332058    0.6060339709257843  0.59085441469013    0.5724928844682479  0.5823779464422342    0.5756939556235654  0.6089464789594491    0.5999130833970925  0.59138106503443    0.5753519510328997
17  0.31123680053547526    0.29529103078982594  0.3895902008032129    0.344342704149933  0.4079279651941098    0.37580187416332  0.3747809022757697    0.3460690763052208  0.35460383400267736    0.30144310575635874  0.6132510022953328    0.6014433052792655  0.587025103289977    0.5724928844682479  0.5796189686304514    0.5756939556235654  0.6069959280795715    0.5975799540933435  0.5871681392501913    0.5753519510328997
18  0.30773802141900936    0.29529103078982594  0.38287059705488624    0.344342704149933  0.3974995662650603    0.3744107095046855  0.37055769745649264    0.33535957161981256  0.33747724765729586    0.2893279785809907  0.608794258607498    0.5908555470543227  0.5823615669472073    0.5694324407039021  0.5776074613618974    0.5738993114001532  0.603874116296863    0.5891637337413925  0.5836859020657995    0.5752113236419282
19  0.3042888112449799    0.2823419009370816  0.37505106291834006    0.33617349397590357  0.38872721285140566    0.3510361445783133  0.35989633199464527    0.3198776439089691  0.31872246318607766    0.28071244979919674  0.6053993817903596    0.5908555470543227  0.5799876541698545    0.5694324407039021  0.5766026901300689    0.5695730680948738  0.6005079510328997    0.5891637337413925  0.5803751247130834    0.5681288446824789
20  0.3018601579651941    0.27296171352074966  0.36222970548862116    0.31609317269076304  0.37993052744310574    0.3510361445783133  0.34975322356091026    0.3017552878179385  0.30668157697456494    0.28071244979919674  0.6013649548584544    0.5884364192807957  0.5764148247895945    0.5694324407039021  0.5751426962509564    0.5695730680948738  0.6002837827084927    0.5838079571537873  0.5768151109410864    0.5681288446824789
21  0.2973485435073628    0.27186398929049527  0.347298423025435    0.3013676037483267  0.3713354431057564    0.34892155287817944  0.33415387684069614    0.2951119143239625  0.2990120187416332    0.2709539491298528  0.5963026273909716    0.5830806426931905  0.5724459816373374    0.5647179801071155  0.5737930788064269    0.5672777352716145  0.5942957459831676    0.5838079571537873  0.5741669716908951    0.5652648814078043
22  0.2906665890227577    0.2569469879518072  0.3330657161981258    0.29974725568942434  0.3625213493975904    0.3195772423025436  0.32389733065595716    0.28778366800535476  0.2915018607764391    0.2609137884872825  0.5931339418515684    0.5830806426931905  0.5721815286916603    0.5647179801071155  0.5729161866870697    0.5672777352716145  0.5904930221882173    0.5838079571537873  0.5719814261667941    0.5632737566947207
23  0.28560964658634536    0.24260267737617136  0.3219962918340027    0.2884530120481927  0.3536873761713521    0.3195772423025436  0.31344644176706826    0.27038875502008036  0.2840621686746988    0.2609137884872825  0.5881250114766641    0.5821351185921959  0.5696410466717674    0.5585970925784238  0.5709422815608264    0.5672777352716145  0.5870161071155318    0.5792172915072686  0.5697141147666411    0.5632737566947207
24  0.2740379437751004    0.24260267737617136  0.3091041499330656    0.2847186077643909  0.3503471325301205    0.3195772423025436  0.30037794109772425    0.2545135207496654  0.27709808835341365    0.2609137884872825  0.5859536557000764    0.5810497322111707  0.5666818071920428    0.5585970925784238  0.5696224774292273    0.5657475133894414  0.5843268370313696    0.5776870696250958  0.5671814674827851    0.5574899770466718
25  0.2652302784471218    0.24260267737617136  0.3024277751004016    0.2738720214190094  0.3465917938420348    0.3195772423025436  0.2905047095046854    0.25096974564926366  0.27116907898259707    0.2530682730923695  0.5848165493496557    0.5810497322111707  0.5647367742922723    0.5548953328232593  0.5685703886763581    0.5647179801071157  0.5832277781178271    0.5776870696250958  0.5656890084162204    0.5560835501147667
26  0.25723340829986613    0.24260267737617136  0.2972069424364123    0.27267041499330646  0.3385536787148595    0.3195772423025436  0.28270682730923696    0.24313467202141903  0.2660155341365462    0.2530682730923695  0.5832846763580719    0.5761946442234125  0.5614639188982402    0.5540064269319052  0.567057768936496    0.5603917368018363  0.5816386870696251    0.5723312930374904  0.5634127850038255    0.5533273144605968
27  0.24763824631860779    0.24260267737617136  0.28964550200803213    0.27124712182061583  0.331939780455154    0.3177062918340028  0.26854212583668    0.24313467202141903  0.26458356091030794    0.2530682730923695  0.5823078944146901    0.5746644223412395  0.5582540489671002    0.554006426931905  0.5654042922723795    0.5600895179801072  0.5794921361897475    0.571566182096404  0.560107415455241    0.5499626625860751
28  0.24649655957161984    0.24260267737617136  0.2835187925033467    0.2639689424364124  0.32266030522088357    0.3177062918340028  0.25731313253012045    0.2351025435073628  0.25956095314591704    0.22635448460508703  0.5817814307574598    0.573899311400153  0.5574347375669472    0.551069778117827  0.5634206687069626    0.5524384085692424  0.5767722708492732    0.5662482019892885  0.5572246518745217    0.5499626625860751
29  0.24593271753681392    0.24260267737617136  0.27724099866131197    0.2639689424364124  0.3209272744310577    0.3029807228915663  0.24906386077643908    0.2351025435073628  0.2545967576974565    0.22635448460508703  0.5784412823259373    0.5723690895179802  0.554944622800306    0.551069778117827  0.5631013664881408    0.551673297628156  0.5747855776587606    0.5662482019892885  0.553857533282326    0.5499626625860751
30  0.24447281927710843    0.24260267737617136  0.2746425140562249    0.26122597054886215  0.32122960374832665    0.2948112449799198  0.24851413922356091    0.2351025435073628  0.25069342971887554    0.2150530120481928  0.5768225524100995    0.5716039785768936  0.5548928186687069    0.551069778117827  0.5577414889058914    0.551673297628156  0.572512338179036    0.5662482019892885  0.552116428462127    0.5499626625860751
31  0.2443819625167336    0.24260267737617136  0.26885526907630525    0.26122597054886215  0.314999250334672    0.27735582329317265  0.24590560107095047    0.2351025435073628  0.24189561981258367    0.21362168674698798  0.5753775531752104    0.5700737566947208  0.5537564177505737    0.5503046671767405  0.5544331491966334    0.5493779648048968  0.5715343794950268    0.5662482019892885  0.5515418913542465    0.5499626625860751
32  0.2468969906291834    0.22477858099062917  0.268171014725569    0.2588302543507363  0.3029332530120482    0.2729863453815261  0.24617802677376172    0.22937911646586345  0.231412953145917    0.21133199464524768  0.5739584988523336    0.565483091048202  0.5531383779648048    0.5480093343534812  0.5525026396327467    0.5478477429227238  0.568573429227238    0.5640388676358072  0.5505505447589901    0.5499626625860751
33  0.24478160374832666    0.22477858099062917  0.26519800535475235    0.2588302543507363  0.2951884658634538    0.2729863453815261  0.24247981526104417    0.22551271753681387  0.2267560401606426    0.21133199464524768  0.5730259051262433    0.5625464422341239  0.5521976067329762    0.5480093343534812  0.5524875470543228    0.5455524100994644  0.5668429808722265    0.5594859984697781  0.5503947329762816    0.5499626625860751
34  0.2448490013386881    0.22477858099062917  0.26388774564926376    0.2588302543507363  0.28724858099062917    0.2729863453815261  0.23782983668005353    0.22551271753681387  0.21992529317269077    0.21133199464524768  0.5723425768936496    0.5625464422341239  0.550933804131599    0.5435592960979342  0.5508279280795715    0.5432948737566947  0.5660032027543994    0.5594859984697781  0.5505988370313696    0.5499626625860751
35  0.24245590361445782    0.22477858099062917  0.2626040990629184    0.2588302543507363  0.2820158741633199    0.2726704149933066  0.23422672289156626    0.22551271753681387  0.21608216599732266    0.21133199464524768  0.5698723749043612    0.5608924254016834  0.5501078056618209    0.5435214996174446  0.5493518485080336    0.5417646518745218  0.563795819433818    0.5576137719969396  0.5507011828615149    0.5499626625860751
36  0.23474414190093706    0.22477858099062917  0.26167084605087015    0.2585295850066934  0.278391327978581    0.26865435073627847  0.23043020615796514    0.22551271753681387  0.21726186613119147    0.21133199464524768  0.5672272333588371    0.5601273144605969  0.5480056725325171    0.5402344299923488  0.5471601224177506    0.5402344299923489  0.5634526059678654    0.5576137719969396  0.5505605814843153    0.5499626625860751
37  0.230020500669344    0.22477858099062917  0.26184472556894245    0.2565405622489959  0.2766695983935743    0.26865435073627847  0.22994050602409632    0.22551271753681387  0.2137722248995984    0.21066265060240968  0.5648211767406274    0.5563017597551645  0.5453598775822495    0.5402344299923488  0.546114027543994    0.5380250956388676  0.5606412486610559    0.5576137719969396  0.5506088523335885    0.5499626625860751
38  0.22967134136546183    0.22477858099062917  0.2622220053547524    0.251467469879518  0.2777920160642571    0.2680374832663989  0.22944302008032125    0.22551271753681387  0.21507234538152611    0.21066265060240968  0.5622559724560062    0.555536648814078  0.543290947207345    0.5390924254016832  0.5443310849273145    0.5379390971690895  0.559752558530987    0.5563877582249426  0.5508690451415457    0.5498388676358071
39  0.22828861311914322    0.22477858099062917  0.26050054082998664    0.251467469879518  0.2742761419009371    0.2593360107095046  0.22872563855421682    0.22551271753681387  0.21350900401606426    0.20627791164658635  0.5606473328232595    0.555536648814078  0.5419925218056618    0.5390924254016832  0.5419165309869931    0.5365326702371843  0.5582359403213466    0.5540924254016831  0.5503451124713085    0.5498388676358071
40  0.22780461311914324    0.22477858099062917  0.2578165809906292    0.251467469879518  0.27101874966532796    0.2593360107095046  0.22850110575635874    0.22551271753681387  0.21377731459170016    0.20627791164658635  0.5586500841622035    0.5533651109410864  0.5412830956388676    0.5390924254016832  0.5407855516449885    0.5365326702371843  0.5573257322111707    0.5540924254016831  0.5510471537872992    0.5498388676358071
41  0.22693987416331993    0.21162302543507366  0.255269078982597    0.251467469879518  0.2679894564926372    0.2593360107095046  0.22848598125836678    0.22551271753681387  0.21332224364123165    0.20560856760374832  0.5577395470543229    0.5533651109410864  0.5408309426166794    0.5390924254016832  0.5410715424636572    0.5321686304514154  0.5566447161438408    0.5525622035195102  0.5507735317521041    0.5490737566947208
42  0.227630390896921    0.20737563587684074  0.2542691994645247    0.251467469879518  0.2652252476572958    0.2586530120481928  0.22624668273092363    0.22551271753681387  0.21291382329317274    0.20560856760374832  0.5564664758990053    0.5509081866870696  0.5409558592195868    0.5389308339709259  0.5396015485845447    0.5321686304514154  0.5578374705432287    0.5525622035195102  0.5505236939556236    0.5484324407039021
43  0.22968217938420346    0.20737563587684074  0.25481599464524757    0.251467469879518  0.26370754216867465    0.2586530120481928  0.22743154484605083    0.22551271753681387  0.21085958232931726    0.20555609103078984  0.5544573328232594    0.5509081866870696  0.5409816434583015    0.5389308339709259  0.5372649013006885    0.5295228768171385  0.5552401591430757    0.5525622035195102  0.5511381790359602    0.5484324407039021
44  0.22717859437751003    0.20737563587684074  0.2562113681392235    0.251467469879518  0.2656464899598393    0.2586530120481928  0.22942643641231586    0.22551271753681387  0.20799207764390895    0.17956599732262382  0.5538447299158378    0.5487744452945678  0.5399092547819433    0.5389308339709259  0.5368914338179036    0.5295228768171385  0.5539553940321346    0.5510697781178271  0.5507526671767407    0.5453719969395562
45  0.21990224899598396    0.20737563587684074  0.25445045783132525    0.251467469879518  0.2614419625167336    0.2586530120481928  0.22678701740294507    0.22551271753681387  0.20868096921017404    0.17956599732262382  0.5529409104820199    0.5487744452945678  0.5397702050497322    0.5389308339709259  0.5368134583014537    0.5295228768171385  0.5539691843917367    0.5449110941086458  0.5501216725325172    0.5453719969395562
46  0.21364302811244984    0.20737563587684074  0.25374753145916995    0.251467469879518  0.26327779651941097    0.2586530120481928  0.2286373012048192    0.22551271753681387  0.20016404283801872    0.17956599732262382  0.5515438408569243    0.5487744452945678  0.541618    0.5381657230298393  0.5343055868400918    0.5279926549349655  0.5527996495791889    0.5449110941086458  0.5493152578423871    0.5453719969395562
47  0.2102210709504686    0.20737563587684074  0.2538077001338688    0.251467469879518  0.2604534698795181    0.2586530120481928  0.22865542168674693    0.22551271753681387  0.19096021954484604    0.17956599732262382  0.5507542264728386    0.5478477429227236  0.5398535271614384    0.5381657230298393  0.533270026013772    0.5249322111706197  0.5512853037490436    0.5449110941086458  0.5489849747513389    0.5406575363427697
48  0.21200491566265064    0.20737563587684074  0.2534883427041499    0.251467469879518  0.26110847657295855    0.2586530120481928  0.22966550736278443    0.20403668005354747  0.18171227844712182    0.17956599732262382  0.5498821453710788    0.5457140015302219  0.5409913802601377    0.5381657230298393  0.5304740657995409    0.5226368783473604  0.547859117061974    0.542952869166029  0.5476487727620505    0.5406575363427697
49  0.21246414457831328    0.20737563587684074  0.25382681392235606    0.2511668005354752  0.26199824899598395    0.2586530120481928  0.22772370013386875    0.20403668005354747  0.18193336546184738    0.17956599732262382  0.5492476832440704    0.5457140015302219  0.5406111736801836    0.5375622035195106  0.5284444529456771    0.5195764345830145  0.5455443075745984    0.542952869166029  0.5469637765876052    0.5383622035195104
50  0.21163961178045518    0.20723828647925027  0.2527574457831325    0.23138714859437748  0.2633865809906292    0.2586530120481928  0.22445933065595713    0.20403668005354747  0.18248773493975903    0.17956599732262382  0.5480811017597552    0.5457140015302219  0.5388075225707728    0.5375622035195106  0.5267086013771997    0.5191995409334353  0.5448166503442999    0.5407813312930374  0.5457673925019128    0.536371078806427
51  0.20965644176706832    0.20723828647925027  0.2549354725568942    0.23138714859437748  0.26151135207496656    0.2586530120481928  0.22337576171352072    0.20403668005354747  0.1822353815261044    0.17956599732262382  0.5474133573068095    0.5449110941086458  0.539020078041316    0.5366355011476662  0.5246226595256313    0.5126526396327467  0.5436613083397093    0.5407813312930374  0.5441005156847742    0.536371078806427
52  0.2100735555555556    0.20723828647925027  0.24832666131191428    0.23138714859437748  0.26123020348058906    0.2586530120481928  0.21715429183400264    0.18851325301204822  0.1817576144578313    0.17956599732262382  0.5467154062739097    0.5449110941086458  0.539274506503443    0.534237337413925  0.5212972762050497    0.5080997704667176  0.5433934751338945    0.5407813312930374  0.5407049303749044    0.536371078806427
53  0.2113861311914324    0.19331004016064263  0.24298418206157962    0.23138714859437748  0.2620263775100402    0.2586530120481928  0.21115675234270412    0.18851325301204822  0.18297485140562247    0.17956599732262382  0.5462668630451415    0.5441459831675594  0.539037469013007    0.5334722264728385  0.5186124896710023    0.5070304514154552  0.5423336373374139    0.5380250956388677  0.538444622800306    0.536371078806427
54  0.21076687282463183    0.19331004016064263  0.23669473092369475    0.23138714859437748  0.2620351191432396    0.2586530120481928  0.2053967255689424    0.18851325301204822  0.184573156626506    0.17956599732262382  0.5459933006885999    0.5433808722264728  0.5368931461361898    0.5295228768171385  0.5150240918133129    0.5050393267023718  0.5415165493496557    0.5380250956388677  0.5376822417750574    0.536371078806427
55  0.20562334136546184    0.19331004016064263  0.23400497991967867    0.23138714859437748  0.2613886265060241    0.2586530120481928  0.20294889959839357    0.18851325301204822  0.1831634002677376    0.17956599732262382  0.5453628722264728    0.5418506503442999  0.5367165493496557    0.5288815608263198  0.5107832257077276    0.5050393267023718  0.5410821055853099    0.5380250956388677  0.5375336296863046    0.536371078806427
56  0.20178942168674702    0.19331004016064263  0.23295565461847384    0.23138714859437748  0.26354779919678717    0.2586530120481928  0.19521886746987951    0.18851325301204822  0.18124513788487281    0.17956599732262382  0.5447432884468248    0.5418506503442999  0.5334429671002295    0.5279548584544759  0.5088480612088753    0.5050015302218821  0.5408844743687835    0.5380250956388677  0.5369981377199694    0.5360668706962509
57  0.19699204819277114    0.19331004016064263  0.23352939223560906    0.23138714859437748  0.2609737483266399    0.25544631860776434  0.19238452744310577    0.18851325301204822  0.18231115127175368    0.17956599732262382  0.5441881576128539    0.5410855394032136  0.5320918882938026    0.52489441469013  0.5074829885233358    0.5042742157612854  0.5396671583779649    0.5380250956388677  0.5370992456006121    0.5360668706962509
58  0.19567289959839365    0.19240187416331994  0.23350508433734937    0.23138714859437748  0.261314171352075    0.25544631860776434  0.19203930120481927    0.18851325301204822  0.18140933065595713    0.17897215528781796  0.5434979387911247    0.5410855394032136  0.5300357444529457    0.52489441469013  0.5066320612088753    0.5034713083397093  0.5394798913542465    0.5380250956388677  0.5370057046671768    0.5356059678653406
59  0.19581046854083003    0.18113333333333337  0.2334415662650602    0.23138714859437748  0.2614979919678715    0.2397879518072289  0.19447974297188758    0.18851325301204822  0.18295907362784472    0.17897215528781796  0.5431345263963275    0.5410855394032136  0.5296038133129304    0.52489441469013  0.5061259127773527    0.5034713083397093  0.5382902203519511    0.5380250956388677  0.537110142310635    0.5356059678653406
60  0.19586328246318613    0.18113333333333337  0.2351229585006693    0.23138714859437748  0.25792179384203484    0.2397879518072289  0.1919552985274431    0.18851325301204822  0.18553432663989292    0.16290789825970547  0.5416735103289978    0.5410855394032136  0.5271991629686305    0.52489441469013  0.5048288278500382    0.5019410864575363  0.5390625003825555    0.5380250956388677  0.5370790436113236    0.5356059678653406
61  0.19559187951807233    0.18113333333333337  0.23291707362784467    0.23138714859437748  0.2556948246318608    0.2397879518072289  0.19313968942436413    0.18851325301204822  0.18152493975903614    0.16290789825970547  0.5412793573068096    0.5390546289211936  0.525658128538638    0.52489441469013  0.504777182861515    0.49811553175210416  0.5390354552410099    0.536371078806427  0.537524664116297    0.5356059678653406
62  0.19126582061579656    0.17313038821954485  0.23432240160642567    0.23138714859437748  0.2492263801874163    0.2397879518072289  0.19020312449799198    0.18851325301204822  0.17973088888888888    0.16290789825970547  0.5414205814843153    0.538289517980107  0.5272637077276204    0.52489441469013  0.5042199449120123    0.49811553175210416  0.5392128094873757    0.5354255547054324  0.537478664116297    0.5356059678653406
63  0.18757176171352077    0.16240722891566264  0.23370445247657293    0.23138714859437748  0.24435833734939755    0.2397879518072289  0.1917461231593039    0.18851325301204822  0.17506229718875502    0.16290789825970547  0.5419268446824791    0.538289517980107  0.525604570772762    0.52489441469013  0.5017243244070391    0.49811553175210405  0.5384451736801836    0.5354255547054324  0.5366705600612091    0.5356059678653406
64  0.18253131191432398    0.16240722891566264  0.23408091834002676    0.23138714859437748  0.2423352235609103    0.2397879518072289  0.19126949129852747    0.18851325301204822  0.16767829183400265    0.1620945113788487  0.5412220872226474    0.538289517980107  0.5264885952563121    0.52489441469013  0.5002056434583015    0.49811553175210405  0.5388465784238715    0.534840856924254  0.5362301285386383    0.5340757459831675
65  0.18031965194109772    0.15239009370816595  0.2335389959839357    0.23138714859437748  0.24426612583668003    0.2397879518072289  0.19096491030789828    0.18851325301204822  0.166255156626506    0.1620945113788487  0.5398435730680949    0.538289517980107  0.5258815302218821    0.52489441469013  0.4993187008416221    0.49811553175210405  0.5385074781943383    0.534840856924254  0.5361703259372611    0.5333106350420812
66  0.17187040696117806    0.15239009370816595  0.23393987684069611    0.23138714859437748  0.24211889959839353    0.2397879518072289  0.19073992235609105    0.18851325301204822  0.16547341900937082    0.1620945113788487  0.5395079326702371    0.538289517980107  0.52552267482785    0.52489441469013  0.49935889364957925    0.49773863810252483  0.5367174720734507    0.5314762050497323  0.5356852838561593    0.5333106350420812
67  0.16782388219544844    0.15239009370816595  0.23348388219544844    0.23138714859437748  0.24377650334672019    0.2397879518072289  0.19047851137884877    0.18851325301204822  0.16582039625167333    0.1620945113788487  0.5391396143840856    0.538289517980107  0.5262267452180566    0.52489441469013  0.4989880811017598    0.4950550879877582  0.537087467482785    0.5314762050497323  0.5357083779648051    0.5333106350420812
68  0.16221432128514052    0.15239009370816595  0.23435519946452474    0.23138714859437748  0.24346522891566263    0.2397879518072289  0.19236263186077646    0.18851325301204822  0.16636199196787146    0.1620945113788487  0.5388581591430757    0.5364948737566947  0.5255581820964039    0.52489441469013  0.498637635807192    0.49505508798775816  0.5346720459066565    0.5314762050497323  0.5356152165263964    0.5326693190512624
69  0.1585601178045515    0.15239009370816595  0.2342383801874163    0.23138714859437748  0.2426108862115127    0.2397879518072289  0.19109733333333334    0.18851325301204822  0.1647156331994645    0.15629210174029454  0.5389116970160672    0.5364948737566947  0.526748817138485    0.52489441469013  0.498392908951798    0.49505508798775816  0.533026142310635    0.5314762050497323  0.5338210436113237    0.5310153022188218
70  0.15707025435073624    0.15239009370816595  0.23570370281124498    0.23138714859437748  0.2428421285140562    0.2397879518072289  0.19313560642570285    0.18851325301204822  0.16529283801874162    0.15629210174029454  0.5392636511094108    0.5364948737566947  0.526132947207345    0.52489441469013  0.497818791124713    0.49505508798775816  0.5324693603672533    0.5314762050497323  0.5338110374904361    0.5294850803366489
71  0.15636146987951802    0.15239009370816595  0.23354400267737613    0.23138714859437748  0.24220469344042836    0.2397879518072289  0.19221057563587685    0.18851325301204822  0.16469263721552876    0.15197108433734938  0.538879830145371    0.5364948737566947  0.527045623565417    0.52489441469013  0.49737088293802595    0.49505508798775816  0.5337189671002296    0.5314762050497323  0.5328622876817138    0.5294850803366489
72  0.15665750468540826    0.15239009370816595  0.23415139223560907    0.23138714859437748  0.24206512985274428    0.23844926372155287  0.1916123935742972    0.18851325301204822  0.16247997322623828    0.15197108433734938  0.5388380122417751    0.5364948737566947  0.5265120397857689    0.5237902065799541  0.496633934200459    0.49364866105585314  0.5324885172149962    0.5299459831675593  0.5315137827084928    0.5287199693955624
73  0.1553281552878179    0.15239009370816595  0.23430060776439088    0.23138714859437748  0.24265064257028113    0.2198449799196788  0.1925324123159304    0.18851325301204822  0.16075217402945113    0.15197108433734938  0.5386650757459831    0.5364948737566947  0.5251524085692424    0.5237902065799541  0.4961556924254016    0.49364866105585314  0.5332417245600612    0.5284157612853865  0.5309711629686305    0.5271897475133893
74  0.15907272021419006    0.15239009370816595  0.23554812315930385    0.23138714859437748  0.24359981526104416    0.2198449799196788  0.19342034538152614    0.18851325301204822  0.15735252476572958    0.15197108433734938  0.5371180703902065    0.5364948737566947  0.5254126411629686    0.5225990818668708  0.49725863810252485    0.49364866105585314  0.5317049977046672    0.5284157612853865  0.5303584850803368    0.5271897475133893
75  0.1552339678714859    0.15239009370816595  0.23468099598393571    0.23138714859437748  0.23761963052208834    0.2198449799196788  0.19098855957161984    0.18851325301204822  0.15700019277108435    0.15197108433734938  0.5376578867635807    0.5364948737566947  0.5250717719969394    0.5225990818668708  0.4957599020657995    0.49364866105585314  0.5309192654934966    0.5268855394032135  0.529248312165264    0.5253553175210406
76  0.15620637483266395    0.15239009370816595  0.23335017402945113    0.23138714859437748  0.23217495850066935    0.2120688085676037  0.19067643373493978    0.18851325301204822  0.15758806693440428    0.15197108433734938  0.5365713848508034    0.5364948737566947  0.5268853006885998    0.5225990818668708  0.4951399403213466    0.49364866105585314  0.5306838377964805    0.5268855394032135  0.529406896710023    0.5253553175210406
77  0.15612189022757694    0.15239009370816595  0.23510432128514056    0.23138714859437748  0.2282079491298528    0.2120688085676037  0.19233922356091032    0.18851325301204822  0.1552153922356091    0.15197108433734938  0.5377968645753635    0.5334722264728385  0.52416493496557    0.5225990818668708  0.4959889211935731    0.49364866105585314  0.5303485539403214    0.5268855394032135  0.5283435210405508    0.5218339709257842
78  0.15495570548862111    0.15239009370816595  0.23577852744310573    0.23138714859437748  0.22193186613119145    0.2120688085676037  0.1915163828647925    0.176045515394913  0.15723769477911645    0.15197108433734938  0.5382461622035195    0.5334722264728385  0.5250987130833971    0.5225990818668708  0.49635501453710795    0.49364866105585314  0.5297569120122418    0.5256595256312165  0.5274005218056618    0.5218339709257842
79  0.15594663453815255    0.15239009370816595  0.23422252744310573    0.23138714859437748  0.21919087817938418    0.21130682730923692  0.19083037483266402    0.176045515394913  0.15877519946452476    0.15197108433734938  0.5368161315990818    0.531904208110176  0.5235425891354247    0.5225990818668708  0.4941125049732211    0.49364866105585314  0.5288966748278501    0.5238250956388676  0.5256960841622035    0.5218339709257842
80  0.15495863186077638    0.15239009370816595  0.23485438018741628    0.23138714859437748  0.21455173226238283    0.19933413654618476  0.19196859973226238    0.176045515394913  0.15596930388219543    0.15197108433734938  0.5363421438408569    0.531904208110176  0.5241649824024485    0.5225990818668708  0.4953052379495027    0.49364866105585314  0.5276407651109412    0.5238250956388676  0.5245520030604438    0.5210688599846978
81  0.15514044979919675    0.15239009370816595  0.23426299062918335    0.23138714859437748  0.2137264203480589    0.19933413654618476  0.191825327978581    0.176045515394913  0.15630516198125835    0.15197108433734938  0.5357136587605202    0.5311768936495792  0.5248364468247897    0.5225990818668708  0.49539524713083405    0.49364866105585314  0.5270253052792655    0.5234879877582249  0.5229793404743688    0.5210688599846978
82  0.15557111378848723    0.15239009370816595  0.2357338929049531    0.23138714859437748  0.21212076840696117    0.19331004016064257  0.18873994912985279    0.176045515394913  0.15598098259705487    0.15197108433734938  0.5345389915837796    0.5311768936495792  0.5230785707727621    0.5225990818668708  0.49421236725325174    0.49364866105585314  0.5264616832440704    0.5234879877582249  0.5228382968630452    0.5210688599846978
83  0.15517307362784466    0.15239009370816595  0.23418738152610438    0.23138714859437748  0.20603784471218206    0.19331004016064257  0.1840739625167336    0.176045515394913  0.15565092904953143    0.15197108433734938  0.5336095608263198    0.5304117827084927  0.5229517337413925    0.5225990818668708  0.494438299923489    0.49364866105585314  0.5266207635807192    0.5234879877582249  0.5227629380260137    0.5210688599846978
84  0.1546093413654618    0.15239009370816595  0.23447602677376167    0.23138714859437748  0.2016294672021419    0.19331004016064257  0.18004673627844714    0.176045515394913  0.15553602141900935    0.15197108433734938  0.5334387543993879    0.5304117827084927  0.5238357582249427    0.5225990818668708  0.4950872379495027    0.49364866105585314  0.5245770175975516    0.5204275439938791  0.5220204514154553    0.5210688599846978
85  0.15729744846050864    0.15239009370816595  0.235237641231593    0.23138714859437748  0.20222971352074967    0.19331004016064257  0.17978705488621152    0.176045515394913  0.1570055769745649    0.15197108433734938  0.5316046732976282    0.5304117827084927  0.5232230818668707    0.5225990818668708  0.4945428263198164    0.49364866105585314  0.5238290818668707    0.5204275439938791  0.5222885340474369    0.5210688599846978
86  0.15385143775100396    0.15239009370816595  0.23411498795180719    0.23138714859437748  0.20186601338688084    0.19331004016064257  0.17781740829986614    0.176045515394913  0.15952016331994645    0.15197108433734938  0.5329615118592196    0.5304117827084927  0.5244245998469779    0.5225990818668708  0.49439637184391744    0.49364866105585314  0.5234612318286151    0.5204275439938791  0.5220342922723795    0.5210688599846978
87  0.15678293708165994    0.15239009370816595  0.23411786077643906    0.23138714859437748  0.20008697456492638    0.19331004016064257  0.17930257563587684    0.176045515394913  0.15615783668005354    0.15197108433734938  0.5329308385615914    0.5304117827084927  0.5232972807957155    0.5225990818668708  0.4944982708492732    0.49364866105585314  0.5215497811782709    0.5173671002295334  0.5217940657995409    0.5181322111706197
88  0.15642898527443103    0.15239009370816595  0.23253942704149932    0.23138714859437748  0.19826195716198125    0.19331004016064257  0.17865816331994647    0.176045515394913  0.1580418206157965    0.15197108433734938  0.5318794996174445    0.5304117827084927  0.522756364192808    0.5225990818668708  0.4982206748278501    0.49364866105585314  0.5219654521805662    0.5173671002295334  0.5216419877582249    0.5181322111706197
89  0.15738762516733595    0.1458631860776439  0.23348686746987948    0.23138714859437748  0.19644356626506024    0.19331004016064257  0.17742143507362787    0.176045515394913  0.15757877108433735    0.15197108433734938  0.5314825233358836    0.5304117827084927  0.5255398607498087    0.5225990818668708  0.4941106166794186    0.49364866105585314  0.5210515501147667    0.5173671002295334  0.5209922800306044    0.5181322111706197
90  0.15607155020080316    0.13703400267737614  0.234080500669344    0.23138714859437748  0.19666363319946453    0.19013627844712178  0.17745905220883537    0.176045515394913  0.15418050334672018    0.15197108433734938  0.5321976250956388    0.5304117827084927  0.523494962509564    0.5225990818668708  0.4956416847742923    0.49364866105585314  0.5208532930374905    0.5173671002295334  0.5215387758224942    0.5181322111706197
91  0.1555790522088353    0.13703400267737614  0.23316413654618473    0.23138714859437748  0.1963143721552878    0.18823480589022762  0.17857920481927714    0.176045515394913  0.15362852744310573    0.15197108433734938  0.5312938760520275    0.5279548584544759  0.5249155378729917    0.5225990818668708  0.4958752884468248    0.49364866105585314  0.5211267543993879    0.5173671002295334  0.51967573986228    0.5181322111706197
92  0.15196216867469875    0.13703400267737614  0.23480174297188752    0.23138714859437748  0.19620028647925034    0.1878425702811245  0.17822903346720217    0.176045515394913  0.1551184926372155    0.15197108433734938  0.532682426931905    0.5279548584544759  0.5247782800306046    0.5225990818668708  0.49604761897475136    0.49364866105585314  0.5184033710788065    0.5173671002295334  0.5193079158377965    0.5181322111706197
93  0.14506361713520746    0.13703400267737614  0.23312648728246316    0.23138714859437748  0.1953718420348059    0.1878425702811245  0.17871493172690767    0.176045515394913  0.1563420535475234    0.15197108433734938  0.530877245600612    0.5279548584544759  0.5247245248661057    0.5225990818668708  0.49473819586840095    0.49364866105585314  0.5180781713848508    0.5173671002295334  0.51874880489671    0.518008416220352
94  0.14045738152610437    0.13703400267737614  0.23431393306559567    0.23138714859437748  0.1956179544846051    0.1878425702811245  0.17795084069611783    0.176045515394913  0.1582999705488621    0.15197108433734938  0.5316106350420811    0.5273513389441469  0.5247676618209641    0.5225990818668708  0.494710026013772    0.49364866105585314  0.5187391599081868    0.5173671002295334  0.5190741729150726    0.518008416220352
95  0.14061561178045515    0.13703400267737614  0.2336126238286479    0.23138714859437748  0.19343504953145918    0.1878425702811245  0.1781011137884873    0.176045515394913  0.1561103159303882    0.15197108433734938  0.5295351140015302    0.5273513389441469  0.5248580979342006    0.5225990818668708  0.4938466809487376    0.49364866105585314  0.5179690619739863    0.5173671002295334  0.5187199693955623    0.5158746748278501
96  0.14004704685408298    0.13703400267737614  0.23344999464524763    0.23138714859437748  0.19231236144578315    0.1878425702811245  0.17750904149933067    0.176045515394913  0.15393554216867467    0.15197108433734938  0.5284867773527161    0.5250560061208875  0.5231069089517981    0.5212304514154552  0.4942690665646519    0.49364866105585314  0.5175426778882939    0.5173671002295334  0.5188274598316756    0.5158746748278501
97  0.14134733333333332    0.13703400267737614  0.2339643721552878    0.23138714859437748  0.19095402677376172    0.1878425702811245  0.17829760107095047    0.176045515394913  0.15628306827309235    0.15197108433734938  0.5287619020657995    0.5241671002295332  0.5233963672532518    0.5212304514154552  0.49484367559296105    0.49364866105585314  0.5178261667941852    0.5173671002295334  0.518064454475899    0.5158746748278501
98  0.1422453895582329    0.13703400267737614  0.235647250334672    0.23138714859437748  0.19309226506024096    0.1878425702811245  0.17751092637215532    0.176045515394913  0.15518673092369475    0.15197108433734938  0.5280303963274675    0.5241671002295332  0.5227841071155318    0.5191995409334353  0.49481379801071157    0.49364866105585314  0.5178809487375671    0.5173671002295334  0.5169599326702372    0.5158746748278501
99  0.14062103346720212    0.13703400267737614  0.23413227309236945    0.23138714859437748  0.1901107925033467    0.1878425702811245  0.17884890495314593    0.176045515394913  0.15555302008032126    0.15197108433734938  0.5274406595256312    0.5219955623565418  0.5231051660290743    0.5191995409334353  0.49408370466717677    0.49364866105585314  0.5214525906656465    0.5173671002295334  0.5174080275439938    0.5158746748278501
