Params:
{'populationSize': 100, 'mutationRate': 0.1, 'crossoverRate': 0.9, 'crossoverSelect': 1, 'generations': 100, 'chromosomeSize': 26, 'elitism': 2}

Generation Data:
Generation   Average Fitness    Best Fitness Average Fitness    Best Fitness Average Fitness    Best Fitness Average Fitness    Best Fitness Average Fitness    Best Fitness Average Fitness    Best Fitness Average Fitness    Best Fitness Average Fitness    Best Fitness Average Fitness    Best Fitness Average Fitness    Best Fitness
0  0.705885641231593    0.572536546184739  0.7157195368139223    0.6388016064257028  0.7114394939759037    0.6256958500669345  0.711716248995984    0.583390093708166  0.7144310602409638    0.6171009370816599  0.7106290619739862    0.672598622800306  0.7087023121652639    0.6595917368018364  0.7108356970160673    0.6649475133894415  0.7086944651874522    0.6627759755164497  0.7091431308339708    0.6580237184391737
1  0.680150875502008    0.572536546184739  0.6927841151271754    0.5987847389558233  0.6883392074966532    0.6165689424364124  0.6886735100401605    0.583390093708166  0.6912921204819277    0.6121716198125837  0.6966365615914307    0.6551248661055854  0.7006334751338944    0.6504104055087989  0.6982789563886763    0.6427592960979343  0.6994375087987759    0.6627759755164497  0.6983350512624331    0.6535568477429226
2  0.6529178286479251    0.5421344042838018  0.673997842034806    0.5746883534136547  0.666953421686747    0.5502190093708166  0.6697107844712182    0.5407957161981258  0.6750596599732261    0.5897951807228915  0.6909771507268555    0.6474359602142311  0.6843878745218056    0.6344668706962509  0.6926665891354246    0.6427592960979343  0.6947817643458302    0.6551248661055852  0.6873182111706196    0.6481150726855393
3  0.6062027121820616    0.5120516733601073  0.6543654243641231    0.5552773761713521  0.6415531164658634    0.5064278447121819  0.6333767443105757    0.5405518072289157  0.6560322891566266    0.5810489959839358  0.6873046534047437    0.6455155317521043  0.6798746579954092    0.6344668706962509  0.6942096220351951    0.6427592960979343  0.6836788921193573    0.6436482019892885  0.6780465967865341    0.6436482019892884
4  0.568189951807229    0.4999657295850066  0.6272953520749666    0.5260701472556893  0.6081169638554217    0.5064278447121819  0.5998346104417671    0.5405518072289157  0.6277200856760374    0.5341022757697456  0.6822085524100995    0.6424550879877582  0.6722687146136189    0.6260506503442999  0.6834440964039785    0.6256226472838562  0.6779400351951033    0.642080183626626  0.6695987574598317    0.637489517980107
5  0.5395809397590362    0.43264364123159305  0.5914952583668005    0.4756254350736278  0.5750816465863453    0.47756144578313253  0.5742162436412316    0.5273095046854083  0.5961648808567603    0.5174211512717537  0.6752693649579189    0.6379882172915075  0.6634985631216526    0.6260506503442999  0.6734731537872992    0.6240924254016832  0.6729907651109411    0.6344290742157613  0.6674807084927314    0.637489517980107
6  0.5133561740294511    0.4250369477911647  0.5619780642570281    0.4756254350736278  0.5427774993306559    0.4687341365461847  0.5594343319946452    0.4999659973226239  0.5659845113788488    0.49461097724230246  0.6660009594491201    0.6219208875286918  0.6525312869166028    0.6237175210405509  0.6701996725325172    0.6210319816373375  0.6645720306044376    0.6306413159908186  0.6720967039020658    0.6327750573833206
7  0.48637877108433736    0.3964990629183401  0.5325492744310576    0.4756254350736278  0.5156368219544846    0.46048246318607755  0.5411619518072289    0.47810736278447113  0.5387529156626506    0.4768203480589023  0.6584186411629687    0.6219208875286918  0.6375835133894414    0.6153390971690894  0.661555363427697    0.6210319816373375  0.6599377092578423    0.624520428462127  0.6683488339709258    0.6304797245600612
8  0.46277689692101737    0.3964990629183401  0.5104564337349398    0.4531756358768406  0.49275695046854084    0.4385622489959839  0.5275453145917001    0.47810736278447113  0.5173455876840696    0.4517729585006694  0.6449940948737567    0.6214599846977811  0.6299982387146136    0.6153390971690894  0.6538732318286151    0.616403519510329  0.6590397398622801    0.6220635042081104  0.6582986687069625    0.6228664116296864
9  0.43721358500669344    0.3942720214190094  0.4863107228915663    0.4315127175368139  0.4758455555555555    0.4353927710843373  0.5101371485943775    0.4677001338688086  0.4959630923694779    0.4517729585006694  0.6340364544758991    0.6183617444529458  0.6257626916602907    0.6114757459831676  0.6409993205814842    0.6110855394032133  0.6477375914307575    0.6220635042081104  0.6516295011476665    0.6228664116296863
10  0.419816672021419    0.3880481927710843  0.4706106345381526    0.4143801874163321  0.45829531459170014    0.4209911646586345  0.4962388192771084    0.4493772423025435  0.4790381499330656    0.43637804551539483  0.630045597551645    0.5989675592960979  0.6207930680948737    0.6023322111706197  0.6247462127008416    0.6049646518745216  0.6440453068094874    0.6145739862280031  0.6459970680948737    0.6205332823259371
11  0.40790197858099064    0.3597041499330656  0.4567918821954485    0.4143801874163321  0.447301437751004    0.41008112449799194  0.48334552610441767    0.43303159303882194  0.46401822489959843    0.43183721552878185  0.6294798515684774    0.5989675592960979  0.6150143427697016    0.5984688599846978  0.6185740413159908    0.5980786534047438  0.6384425141545524    0.6145739862280031  0.6377063412394797    0.6113897475133893
12  0.3928667095046854    0.3478005354752342  0.4401411619812584    0.3867095046854084  0.4366479036144578    0.4039333333333335  0.46417972423025433    0.4148971887550201  0.4542226372155288    0.43183721552878185  0.6172045768936496    0.5989675592960979  0.6097290971690895    0.5977037490436113  0.6137278944146901    0.5973135424636572  0.6286260719204284    0.6128821729150729  0.6259704621270084    0.6083293037490435
13  0.37738988219544845    0.33812904953145917  0.425316374832664    0.36872744310575634  0.42617995180722895    0.4029633199464524  0.44387930923694774    0.40023346720214187  0.4453012048192771    0.4096567603748327  0.6182114996174445    0.5989675592960979  0.605143351185922    0.5977037490436113  0.6076060566182097    0.589928844682479  0.6281682004590666    0.6099455241009946  0.6187700566182096    0.6083293037490435
14  0.36272263186077647    0.3231718875502008  0.4105242516733601    0.36872744310575634  0.4169302436412316    0.3962698795180723  0.4288859036144579    0.3823057563587684  0.4347883427041499    0.4075962516733601  0.6100198026013772    0.5945573068094876  0.6028351920428462    0.5931130833970928  0.6032064192807958    0.5865641928079572  0.6210566411629687    0.6099455241009946  0.6142209334353481    0.6052688599846977
15  0.35195278179384204    0.3231718875502008  0.39515889424364126    0.36872744310575634  0.4101549236947791    0.38221365461847395  0.41267563587684075    0.3719839357429719  0.4208414912985275    0.4075962516733601  0.6123800535577658    0.59204376434583  0.5991752119357308    0.5931130833970927  0.5974285952563122    0.5865641928079572  0.6150271889824025    0.6061577658760521  0.610836142310635    0.5999130833970925
16  0.3414224605087015    0.31165595716198136  0.3862122864792504    0.3642334672021419  0.40429046586345385    0.38154431057563587  0.4007419946452477    0.35271004016064256  0.4153714966532798    0.40023346720214187  0.6034498332058148    0.59204376434583  0.5966808339709259    0.5869921958684009  0.5931232930374905    0.582315531752104  0.611955622035195    0.6029735271614385  0.607798272379495    0.5945573068094874
17  0.33436972958500666    0.30869692101740304  0.3773548299866131    0.3520784471218207  0.40167801338688086    0.3764712182061579  0.385859609103079    0.35271004016064256  0.41060168674698794    0.3783349397590362  0.5981454047436878    0.5900904361132364  0.5936129472073451    0.5824015302218822  0.5897718561591431    0.5804811017597553  0.6090922861514919    0.5992339709257842  0.6043011140015302    0.5937921958684009
18  0.3241981017402945    0.3006982597054886  0.3713529263721553    0.3466390896921018  0.39272134404283804    0.3649480589022757  0.3760091593038822    0.34021231593038825  0.40874761713520746    0.3783349397590362  0.5946523488905892    0.586687987758225  0.590022856924254    0.5816364192807958  0.5873572869166029    0.5761946442234124  0.606308778882938    0.5952846212700841  0.6013474078041317    0.5899666411629686
19  0.31743949933065596    0.28100562248995986  0.36792517536813923    0.34459330655957165  0.3877588567603748    0.3561847389558232  0.3654138768406961    0.33524524765729585  0.40365692637215533    0.3760955823293173  0.592635597551645    0.5825799540933435  0.5870367605202754    0.5770457536342769  0.5841561361897475    0.5731342004590667  0.6022085937260903    0.5952846212700841  0.5981964085692425    0.5899666411629685
20  0.30952955823293177    0.2792457831325301  0.36117701204819275    0.3251823293172691  0.37950999464524765    0.3561847389558232  0.3537630013386881    0.31254939759036143  0.39642580990629184    0.3760955823293173  0.589219207345065    0.5825799540933435  0.5839231369548585    0.5770457536342769  0.5805987850038256    0.5731342004590667  0.599318298393267    0.5885602142310635  0.5940389273144606    0.5846108645753635
21  0.3038234190093708    0.2792457831325301  0.3553076144578313    0.3251823293172691  0.37323153681392235    0.348746452476573  0.3437365087014726    0.31114886211512716  0.3881993199464525    0.3741815261044176  0.5868349166029074    0.5731342004590666  0.5818513022188218    0.5770457536342769  0.5780581101759755    0.5708388676358072  0.5975563565416985    0.5885602142310635  0.5910687513389441    0.5846108645753635
22  0.2946536787148595    0.27522971887550196  0.3481702356091031    0.3251823293172691  0.3657396198125836    0.33312021419009363  0.33777588487282467    0.28042088353413647  0.3810406961178046    0.37087817938420353  0.5837151277735271    0.5697695485845446  0.5798482769701606    0.5739853098699311  0.5758005019127774    0.5677784238714615  0.5951432639632747    0.5885224177505739  0.5887625860749808    0.581512624330528
23  0.2869648862115127    0.27522971887550196  0.34051368674698795    0.3049502008032129  0.3604992369477912    0.32762838018741636  0.32581589558232926    0.28042088353413647  0.37789950200803213    0.37087817938420353  0.5799826472838562    0.5639528691660292  0.5785347620504973    0.5739853098699311  0.5736616097934202    0.5647179801071157  0.5929592042846212    0.586992195868401  0.5867462371843917    0.5792550879877583
24  0.2825791378848728    0.27522971887550196  0.3279900133868809    0.2950618473895582  0.35168627576974565    0.32762838018741636  0.31495757429718874    0.28042088353413647  0.375326998661312    0.3661496653279785  0.5744489135424636    0.5639528691660292  0.5774764330527926    0.5716899770466719  0.5712860964039786    0.5647179801071157  0.5910099372609028    0.5854997704667178  0.5850308615149197    0.573899311400153
25  0.2814043534136546    0.27522971887550196  0.32468613922356093    0.2950618473895582  0.3418029344042838    0.3232061579651941  0.3067615957161981    0.27706479250334665  0.3726130763052209    0.3661496653279785  0.5716185768936496    0.5623848508033665  0.5763448247895945    0.5716899770466718  0.5685588814078042    0.5647179801071156  0.5889095286916602    0.579378882938026  0.5828870237184391    0.5732579954093343
26  0.27849331994645243    0.27522971887550196  0.31588842838018744    0.2950618473895582  0.3361042436412316    0.3150179384203481  0.2957759598393574    0.27595528781793843  0.37022390629183405    0.36308460508701473  0.568341026778883    0.5623848508033665  0.5750455087987758    0.5663342004590666  0.5663387788829382    0.5575277735271614  0.5876599188982403    0.5770835501147666  0.5792619938791125    0.5679022188217291
27  0.2769952690763052    0.27522971887550196  0.30458403212851404    0.28405595716198123  0.3303414538152611    0.3150179384203481  0.28591027309236944    0.25617804551539486  0.3729076572958501    0.34491807228915655  0.566060364192808    0.5593244070390206  0.5737415501147667    0.5663342004590666  0.5647585172149963    0.5575277735271614  0.5864277781178271    0.5770835501147666  0.5765341591430757    0.5640766641162969
28  0.27790350200803204    0.27522971887550196  0.299259625167336    0.27549183400267735  0.3235791004016065    0.3144856760374833  0.28065104685408293    0.25617804551539486  0.36752088353413653    0.34491807228915655  0.5642537031369549    0.556263963274675  0.5712034797245601    0.5663342004590666  0.5636486304514156    0.5562639632746748  0.5835309120122418    0.5770835501147666  0.5724237949502677    0.5601273144605967
29  0.27769118875502    0.27522971887550196  0.29348471753681393    0.26961204819277107  0.3192486104417671    0.2910457831325301  0.27608642034805886    0.25617804551539486  0.36452243105756355    0.3425852744310576  0.5619515485845448    0.5527028309104821  0.5682289686304515    0.5663342004590666  0.5619535118592196    0.5540064269319052  0.5809819556235655    0.5770835501147666  0.5687313175210406    0.5601273144605967
30  0.2783456305220883    0.27522971887550196  0.28838763855421684    0.26961204819277107  0.3162864310575636    0.2910457831325301  0.2718159437751004    0.25617804551539486  0.3593612074966533    0.3425852744310576  0.5601565172149962    0.5519377199693956  0.5683668967100229    0.5662104055087988  0.5584482968630451    0.5514068859984699  0.5788316664116298    0.5724550879877581  0.5656751155317521    0.5577941851568476
31  0.278064875502008    0.27522971887550196  0.2829123668005355    0.2666465863453815  0.3117255207496653    0.2878361445783132  0.2640726077643909    0.25617804551539486  0.3512087871485944    0.3338838018741632  0.558515363427697    0.5519377199693956  0.5671858607498088    0.5648039785768936  0.5557028217291508    0.5478855394032134  0.5773953052792655    0.5724550879877581  0.5632759143075746    0.5547715378729916
32  0.28002803480589017    0.27522971887550196  0.27513760374832663    0.2666465863453815  0.3031546854082999    0.2846267737617135  0.26052682195448457    0.250435609103079  0.34529555823293173    0.33349611780455146  0.5562519510328998    0.5421150726855395  0.5672556342769702    0.5648039785768936  0.5543280964039785    0.5478477429227238  0.5776318408569243    0.5724550879877581  0.5607371032899771    0.5547715378729916
33  0.27775744042838013    0.2670342704149933  0.27233430522088353    0.2560821954484605  0.2941057831325301    0.2845400267737617  0.25980125301204815    0.250435609103079  0.3419050709504685    0.33349611780455146  0.5542318898240246    0.5421150726855395  0.5669073618974751    0.5640766641162969  0.5529292930374904    0.547120428462127  0.576501077276205    0.5709248661055851  0.559491831675593    0.5501808722264729
34  0.27808699062918335    0.2670342704149933  0.27273598661311915    0.2560821954484605  0.2898665087014725    0.2815617135207497  0.25699861044176703    0.250435609103079  0.3398671860776439    0.33349611780455146  0.5524206855394033    0.5421150726855395  0.5668239709257842    0.5579179801071156  0.5510919296097935    0.5470826319816373  0.5772092823259373    0.5709248661055851  0.5571625646518745    0.5501808722264729
35  0.27747612583668    0.2670342704149933  0.2679784926372155    0.248390093708166  0.28961078714859434    0.28047336010709506  0.25411902275769743    0.24819598393574296  0.33656456224899595    0.33349611780455146  0.5509111568477429    0.5420290742157612  0.5650709915837796    0.5579179801071156  0.5489926166794185    0.5470826319816373  0.5733288003060444    0.5709248661055851  0.5552111813312931    0.5463175210405509
36  0.27466215261044175    0.2670342704149933  0.26528285943775104    0.248390093708166  0.28907355555555553    0.28047336010709506  0.2534486613119143    0.24819598393574296  0.3346573172690762    0.33349611780455146  0.547363415455241    0.5390546289211935  0.5631569074215761    0.557152869166029  0.5486207345065034    0.5463553175210405  0.5729887498087222    0.5678644223412396  0.5539164621270084    0.5431144605967866
37  0.27165266666666665    0.2670342704149933  0.2601119330655957    0.22881874163319943  0.2867404123159304    0.28047336010709506  0.2510746987951807    0.24766398929049532  0.3350397269076304    0.33090361445783134  0.5444699449120123    0.5351052792654936  0.5602380015302219    0.557152869166029  0.5478242815608263    0.5448250956388676  0.5716133741392501    0.5663342004590667  0.5507018240244836    0.5423493496557
38  0.26754976171352074    0.2670342704149933  0.25156954216867466    0.22881874163319943  0.28478609370816604    0.28047336010709506  0.2517735020080321    0.24766398929049532  0.3352960294511378    0.33090361445783134  0.5421294047436879    0.531403519510329  0.5593558026013772    0.5562639632746748  0.5473335623565417    0.5448250956388676  0.5708213221117061    0.562546442234124  0.5474020443764346    0.5415464422341241
39  0.26894097724230254    0.2670342704149933  0.24677966800535475    0.22881874163319943  0.2858966157965194    0.28047336010709506  0.25041428380187414    0.24083319946452472  0.33663974832663984    0.32747202141900944  0.5406255715378729    0.531403519510329  0.558371026778883    0.5524384085692425  0.5468821055853098    0.5425297628156083  0.5696080275439939    0.5594482019892886  0.5457270543228768    0.5415464422341241
40  0.2690627202141901    0.2670342704149933  0.24341491030789825    0.2213030789825971  0.2835071057563588    0.28047336010709506  0.24898049263721553    0.24083319946452472  0.3330220481927711    0.32585167336010706  0.5379310803366488    0.531403519510329  0.5575660061208876    0.5524384085692425  0.5467231140015302    0.5425297628156082  0.566980947207345    0.5564255547054324  0.5434103274674829    0.5400540168324406
41  0.2695439437751004    0.2670342704149933  0.23571858902275766    0.21166880856760378  0.2835898661311914    0.28047336010709506  0.24999658366800534    0.23785515394912984  0.3318969665327979    0.32585167336010706  0.5349577704667177    0.5266890589135426  0.557459337413925    0.5501430757459831  0.5456148492731445    0.5425297628156082  0.563043819433818    0.555660443764346  0.5428115914307575    0.5400540168324406
42  0.27010162248995984    0.2639692101740294  0.22865789022757696    0.21166880856760378  0.28242854082998664    0.28047336010709506  0.2493964872824632    0.23785515394912984  0.3317341258366801    0.3190093708165997  0.5318263029839327    0.5266890589135426  0.5557890237184392    0.5501430757459831  0.5437684866105584    0.5425297628156082  0.5600486503443    0.5533651109410865  0.5423875286916603    0.5388280030604436
43  0.2689400080321285    0.2639692101740294  0.2277308514056225    0.21166880856760378  0.2835751378848729    0.28047336010709506  0.24811912985274429    0.23785515394912984  0.3306414136546185    0.3190093708165997  0.5297480596786535    0.5243937260902832  0.5549156281560826    0.5441459831675592  0.5433603136954858    0.5425297628156082  0.5578051675592962    0.5533651109410863  0.5422023550114766    0.5388280030604436
44  0.2690280133868808    0.2639692101740294  0.22211614457831327    0.21166880856760378  0.28444120214190094    0.28047336010709506  0.24504276840696115    0.23785515394912984  0.3265260321285141    0.3190093708165997  0.5282817046671768    0.5243937260902832  0.5528765141545524    0.5441459831675592  0.5431051629686303    0.5425297628156082  0.556966792654935    0.5533651109410863  0.5401418806426932    0.5369935730680949
45  0.2690875261044176    0.24388888888888888  0.21793686211512722    0.21166880856760378  0.2825439250334672    0.28047336010709506  0.24118648192771083    0.22566987951807227  0.3234964578313253    0.3190093708165997  0.5276554720734508    0.5198030604437643  0.5503615164498852    0.5426535577658761  0.5429119403213465    0.5425297628156082  0.5553863305279265    0.5533651109410863  0.539691519510329    0.5364088752869166
46  0.26561207764390893    0.24388888888888888  0.21629730655957163    0.20042463186077647  0.2827900214190094    0.28047336010709506  0.2413436144578313    0.22566987951807227  0.32150965194109765    0.2984586345381526  0.5261605646518746    0.5198030604437643  0.549765377199694    0.5426535577658761  0.5432933986228002    0.5425297628156082  0.5552239525631216    0.5533651109410863  0.5390983565416986    0.5337715378729916
47  0.2643955742971887    0.24388888888888888  0.2148070763052209    0.20042463186077647  0.283206187416332    0.27632021419009367  0.23921108701472554    0.22566987951807227  0.3205743293172691    0.29028942436412314  0.5256641897475134    0.5198030604437643  0.5473144254016833    0.5418506503442998  0.5426564116296863    0.5402344299923488  0.5551539586840091    0.5526  0.5388106472838562    0.5337715378729916
48  0.2605689986613119    0.24388888888888888  0.2146945997322624    0.19591271753681394  0.28374366532797857    0.25891726907630525  0.2374650736278447    0.22112155287817942  0.31543640696117803    0.26485435073627844  0.5239621162968632    0.5198030604437643  0.5448846074980872    0.5418506503442998  0.5426752807957153    0.5384  0.5538693282325936    0.5525999999999999  0.5380995164498852    0.5309755164498853
49  0.2515394939759036    0.24388888888888888  0.2116218420348059    0.19591271753681394  0.28051553949129854    0.25891726907630525  0.23660702811244977    0.22112155287817942  0.30335618206157966    0.24770602409638556  0.5219920550879877    0.5198030604437643  0.5432367069625096    0.5418506503442998  0.5426017169089518    0.5371739862280032  0.5543191277735271    0.551069778117827  0.5371792134659525    0.5308726855394033
50  0.2473986157965194    0.22320321285140568  0.20627243373493978    0.19591271753681394  0.2777700214190094    0.25891726907630525  0.23103095046854083    0.22112155287817942  0.2868455796519411    0.24770602409638556  0.5202455868400918    0.5198030604437643  0.5439445753634277    0.5348786534047436  0.5411394001530221    0.5325833205814843  0.5535744942616678    0.551069778117827  0.5383845906656465    0.5287179801071156
51  0.24539656224899598    0.22320321285140568  0.1998508353413655    0.19591271753681394  0.27134783400267737    0.25891726907630525  0.22869779651941097    0.22112155287817942  0.276334281124498    0.238873360107095  0.5205126702371844    0.5182728385615915  0.542850065799541    0.5348786534047436  0.5391192976281561    0.5325833205814843  0.5530313695485845    0.5510319816373372  0.5337203014537109    0.5287179801071156
52  0.24081263721552879    0.22320321285140568  0.198543234270415    0.19591271753681394  0.26304978580990634    0.23482088353413655  0.22397791700133868    0.22112155287817942  0.26548193038821954    0.236865327978581  0.5216206717674062    0.5182728385615915  0.5414091843917368    0.5348786534047436  0.538567857689365    0.5325833205814843  0.552654765110941    0.5464413159908187  0.5327637077276206    0.5287179801071156
53  0.23438927175368143    0.22320321285140568  0.200101983935743    0.19591271753681394  0.2637570040160643    0.23482088353413655  0.22496963319946456    0.22112155287817942  0.26008904953145917    0.2342016064257028  0.5217142127008416    0.5182728385615915  0.5408785539403214    0.5310153022188218  0.5376274812547819    0.5325833205814843  0.5515285386381025    0.5464413159908187  0.5317312532517215    0.5269233358837032
54  0.22889049531459174    0.2211834002677376  0.19796820883534139    0.19591271753681394  0.2590088808567604    0.23482088353413655  0.22301104685408302    0.22112155287817942  0.2514224792503347    0.22951619812583665  0.5204613618974752    0.5182728385615915  0.5386644697781179    0.5310153022188218  0.5360016725325172    0.5284157612853864  0.550586052027544    0.5449110941086457  0.5297207498087223    0.5235257842387147
55  0.22639115662650608    0.2211834002677376  0.19910271753681394    0.19591271753681394  0.252474171352075    0.23482088353413655  0.22429049531459175    0.22112155287817942  0.24426203212851402    0.22951619812583665  0.5208642356541698    0.5182728385615915  0.5358093879112471    0.5310153022188218  0.5344351767406273    0.527954858454476  0.5495015547054323    0.5441459831675592  0.5293649502677888    0.5229013006885999
56  0.2271042115127176    0.2211834002677376  0.20038212048192772    0.17787121820615795  0.2482985033467202    0.22210334672021417  0.2245328808567604    0.22112155287817942  0.2386867282463186    0.22951619812583665  0.5205033205814843    0.5182728385615915  0.5357650849273144    0.530373986228003  0.5332096801836266    0.5245902065799541  0.547657908186687    0.5441459831675592  0.5283513634276971    0.5229013006885999
57  0.2273454457831326    0.21182436412315928  0.19794556894243645    0.1777785809906292  0.24087630522088355    0.21875662650602407  0.2264260294511379    0.22112155287817942  0.23718440696117804    0.2251994645247657  0.5191463259372608    0.5182728385615915  0.534591167559296    0.530373986228003  0.5317234139250191    0.5245902065799541  0.5456472042846212    0.5421528691660291  0.5261296174445295    0.5229013006885999
58  0.2275101151271754    0.21182436412315928  0.19937705488621152    0.1777785809906292  0.23381659973226238    0.21875662650602407  0.22525997858099064    0.22112155287817942  0.23365137884872822    0.21437108433734936  0.519145495026779    0.5182728385615915  0.5315725768936496    0.530373986228003  0.5291059969395563    0.5245902065799541  0.5453896052027544    0.5421528691660291  0.5242758240244836    0.5229013006885999
59  0.22193939491298526    0.21182436412315928  0.19467436947791167    0.1777785809906292  0.22558980722891564    0.21875662650602407  0.22431368139223565    0.22112155287817942  0.23167087817938417    0.20607550200803215  0.5191084223412394    0.5182728385615915  0.5321482647283856    0.5288437643458302  0.5273962524866106    0.5239488905891354  0.5445060780413159    0.5418506503442999  0.5237483397092578    0.5229013006885999
60  0.21677558232931723    0.21182436412315928  0.18545338152610444    0.1777785809906292  0.2218323507362784    0.21875662650602407  0.22359486746987955    0.21777483266398937  0.22789495582329317    0.20032851405622493  0.5190380535577659    0.5182728385615915  0.5318388370313696    0.5279548584544759  0.526452832440704    0.5226368783473604  0.5439869931140016    0.538790206579954  0.5237644850803367    0.5229013006885999
61  0.2142925033467202    0.21182436412315928  0.18165183668005358    0.1777785809906292  0.22063456492637212    0.21875662650602407  0.22588573493975908    0.21242008032128507  0.22424026238286476    0.20032851405622493  0.5187710114766642    0.5182728385615915  0.5310001178270849    0.5279548584544759  0.5257585172149962    0.5223326702371844  0.5433914751338944    0.5380250956388676  0.5238644437643458    0.5229013006885999
62  0.21555715662650599    0.21182436412315928  0.18019795716198128    0.1777785809906292  0.22001201338688084    0.21875662650602407  0.223441218206158    0.21242008032128507  0.21667118340026773    0.20032851405622493  0.5190780061208876    0.5182728385615915  0.5305213695485845    0.5279548584544759  0.5254090436113237    0.5223326702371844  0.5424771690895179    0.5364948737566948  0.5239047039020658    0.5229013006885999
63  0.2161168487282463    0.21182436412315928  0.18184477376171354    0.1777785809906292  0.22148238821954483    0.21875662650602407  0.2219956492637216    0.21242008032128507  0.20990902543507364    0.20032851405622493  0.5197597245600613    0.5182728385615915  0.5302212899770467    0.5279548584544759  0.5246037934200459    0.5199995409334353  0.5407191094108645    0.5364948737566946  0.5245451507268554    0.5229013006885999
64  0.21413103346720214    0.21182436412315928  0.1804725702811245    0.1777785809906292  0.22021702811244978    0.21875662650602407  0.21678691834002672    0.21242008032128507  0.20437118072289157    0.20032851405622493  0.5195603794950268    0.5182728385615915  0.5286465019127773    0.5279548584544759  0.5242312884468248    0.5199995409334353  0.5397518041315991    0.5349646518745217  0.5234048584544759    0.5229013006885999
65  0.21525641499330653    0.21182436412315928  0.1803402998661312    0.1777785809906292  0.2215992289156626    0.21875662650602407  0.21750785542168669    0.21242008032128507  0.20488916733601073    0.20032851405622493  0.5199050941086457    0.5182728385615915  0.5284854858454476    0.5279548584544759  0.5225862999234888    0.5199995409334353  0.5380457214996174    0.5340757459831676  0.5235016587605203    0.5229013006885999
66  0.21512329049531456    0.21182436412315928  0.17945443105756362    0.1777785809906292  0.2210026157965194    0.21875662650602407  0.2170762650602409    0.21242008032128507  0.20441026238286483    0.20032851405622493  0.5206994307574598    0.5182728385615915  0.5287396924254016    0.5279548584544759  0.5212960994644223    0.5169390971690895  0.5377768722264729    0.5303739862280031  0.5243743672532517    0.5229013006885999
67  0.2154512315930388    0.21182436412315928  0.18152906559571622    0.1777785809906292  0.2225150227576974    0.21875662650602407  0.21524004283801867    0.21242008032128507  0.20275863186077647    0.20032851405622493  0.5195439433817903    0.5182728385615915  0.528604532517215    0.5279548584544759  0.5205409058913543    0.5169390971690895  0.5362284912012242    0.5303739862280031  0.5251522524866106    0.5229013006885999
68  0.2175321847389558    0.21182436412315928  0.1806786586345382    0.1777785809906292  0.22176386345381524    0.21875662650602407  0.21686399464524758    0.21242008032128507  0.20485181258366805    0.20032851405622493  0.5196006228003061    0.5182728385615915  0.5283955807192043    0.5279548584544759  0.5197472930374905    0.5169390971690895  0.5364434078041316    0.5303739862280031  0.5235689762815608    0.5229013006885999
69  0.21683833199464522    0.21182436412315928  0.1803995261044177    0.1777785809906292  0.22097467737617132    0.21875662650602407  0.215895938420348    0.2117601070950468  0.20287439625167336    0.20032851405622493  0.5195723412394798    0.5182728385615915  0.5294485814843152    0.5279548584544759  0.5194878684009181    0.5155326702371844  0.5339207222647284    0.5303739862280031  0.523500052027544    0.5229013006885999
70  0.2139416439089692    0.20991566265060238  0.17917603480589026    0.1777785809906292  0.22192464792503344    0.21435287817938417  0.2169574912985274    0.2117601070950468  0.20348046586345384    0.20032851405622493  0.5193127360367253    0.5182728385615915  0.528176740627391    0.5279548584544759  0.5179477291507268    0.5138786534047437  0.5317913282325938    0.5288437643458301  0.523862921193573    0.5229013006885999
71  0.21534074698795178    0.18587175368139222  0.18126525836680055    0.1777785809906292  0.2217236680053547    0.19694993306559566  0.2163095287817938    0.19621874163319947  0.20322056492637217    0.20032851405622493  0.5196080841622035    0.5182728385615915  0.5289829120122418    0.5279548584544759  0.5171906472838561    0.5126526396327465  0.5308937689364959    0.5273135424636572  0.5242447727620505    0.5229013006885999
72  0.21471794645247655    0.18587175368139222  0.18045321285140564    0.17677028112449797  0.21891352878179382    0.19694993306559566  0.21254652744310568    0.19621874163319947  0.20256522356091033    0.20032851405622493  0.5193203167559296    0.5182728385615915  0.5283329456771232    0.5279548584544759  0.516458687069625    0.5123484315225708  0.5304752440703903    0.5273135424636572  0.5241324131599082    0.5229013006885999
73  0.20898841231593035    0.18587175368139222  0.18051090227576977    0.1752953145917001  0.21764623560910304    0.19694993306559566  0.20860101204819273    0.19621874163319947  0.2045743668005355    0.20032851405622493  0.5190297475133895    0.5182728385615915  0.5291791767406273    0.5279548584544759  0.5147756174445295    0.5123484315225708  0.5302742723794951    0.5273135424636572  0.5235315363427697    0.5229013006885999
74  0.20095999999999997    0.18587175368139222  0.18139588487282463    0.1752953145917001  0.20921588755020074    0.19694993306559566  0.19960329049531458    0.19621874163319947  0.2051881151271754    0.20032851405622493  0.5191280703902066    0.5182728385615915  0.5282199831675592    0.5279548584544759  0.5142058041315991    0.5123484315225708  0.5296241775057383    0.5273135424636572  0.5236650497322112    0.5229013006885999
75  0.1918902677376171    0.18587175368139222  0.18111538955823295    0.1752953145917001  0.20122721285140557    0.19694993306559566  0.19812656492637218    0.19621874163319947  0.20359383400267742    0.20032851405622493  0.5190074384085692    0.5182728385615915  0.5283134123947972    0.5279548584544759  0.5141080030604438    0.5115833205814843  0.5287201086457537    0.5273135424636572  0.5237795745983168    0.5229013006885999
76  0.18936522891566263    0.18587175368139222  0.17881940829986612    0.1752953145917001  0.19811565194109768    0.19694993306559566  0.19766423293172689    0.19621874163319947  0.2066541231593039    0.20032851405622493  0.5187524223412395    0.5182728385615915  0.5293185126243305    0.526120428462127  0.5135540811017598    0.5115833205814843  0.5283562264728385    0.5273135424636572  0.5235785677123183    0.5229013006885999
77  0.19114594109772423    0.18587175368139222  0.17711991967871485    0.1752953145917001  0.19896340026773757    0.19694993306559566  0.19910706827309238    0.19621874163319947  0.20407027576974568    0.20032851405622493  0.5185924085692426    0.5182728385615915  0.528678246365723    0.526120428462127  0.5132509824024484    0.5115833205814843  0.5283007039020657    0.5250182096403979  0.5241464024483551    0.5229013006885999
78  0.1889175100401606    0.18587175368139222  0.1767186318607764    0.1752953145917001  0.19967344578313248    0.19694993306559566  0.1992145890227577    0.19621874163319947  0.2013656171352075    0.20032851405622493  0.5187715638867636    0.5182728385615915  0.5287567941851568    0.526120428462127  0.5125105799540933    0.5115833205814843  0.5291409196633512    0.5250182096403979  0.5233925784238714    0.5229013006885999
79  0.19090994645247655    0.18587175368139222  0.17865270414993303    0.1752953145917001  0.20041279250334668    0.19694993306559566  0.1988103668005355    0.19621874163319947  0.20509568674698797    0.20032851405622493  0.5188136312165263    0.5182728385615915  0.5281976908951799    0.526120428462127  0.5126035271614384    0.5095921958684008  0.5283179709257843    0.5227228768171385  0.5232276541698546    0.5229013006885999
80  0.18895571619812582    0.18587175368139222  0.17798935742971886    0.1752953145917001  0.2006873386880856    0.19694993306559566  0.2002747576974565    0.19621874163319947  0.2027100374832664    0.20032851405622493  0.5194500795715379    0.5182728385615915  0.5280902723794951    0.526120428462127  0.5120873909716909    0.5095921958684008  0.5269535424636572    0.5227228768171385  0.5235522035195104    0.5229013006885999
81  0.18749464524765727    0.18587175368139222  0.17813289156626502    0.1752953145917001  0.19848278447121814    0.19694993306559566  0.19990131459170013    0.19621874163319947  0.20349808299866134    0.20032851405622493  0.5189839066564652    0.5182728385615915  0.5272232716143841    0.526120428462127  0.5117950818668706    0.5095921958684008  0.5267057689364958    0.5211926549349656  0.5237619969395563    0.5229013006885999
82  0.1898361285140562    0.18587175368139222  0.17803290763052207    0.1752953145917001  0.20178270147255684    0.19694993306559566  0.19954441767068276    0.19621874163319947  0.20397248995983935    0.20032851405622493  0.5191938224942617    0.5182728385615915  0.5271125248661056    0.526120428462127  0.5123750099464421    0.5095921958684008  0.5238994276970161    0.5211926549349656  0.5232988768171385    0.5229013006885999
83  0.1881188969210174    0.18587175368139222  0.18000762516733598    0.1752953145917001  0.20203739491298525    0.19694993306559566  0.198359234270415    0.19621874163319947  0.20340075502008034    0.20032851405622493  0.5187308737566948    0.5182728385615915  0.5271950451415456    0.526120428462127  0.5112079250191277    0.5095921958684008  0.5237230742157614    0.5210688599846978  0.5237094965570008    0.5229013006885999
84  0.18941118340026772    0.18587175368139222  0.17701652476572957    0.1717622489959839  0.19916762248995978    0.19694993306559566  0.2011149183400268    0.19621874163319947  0.2050150602409639    0.20032851405622493  0.5192527559296098    0.5182728385615915  0.5268059449120123    0.526120428462127  0.5107585738332057    0.5088270849273144  0.5231374980872228    0.5188973221117061  0.5233317475133894    0.5229013006885999
85  0.18764202141900935    0.18587175368139222  0.177780109772423    0.17074618473895584  0.20003227041499325    0.19694993306559566  0.19947051137884875    0.19621874163319947  0.20359625167336012    0.20032851405622493  0.5197246579954093    0.5182728385615915  0.5270434583014537    0.526120428462127  0.5103953741392501    0.5088270849273144  0.52187506503443    0.5188973221117061  0.5241846212700841    0.5229013006885999
86  0.18942045247657294    0.18587175368139222  0.1761737831325301    0.17074618473895584  0.2012363614457831    0.19694993306559566  0.20115725301204818    0.19621874163319947  0.20381104417670684    0.20032851405622493  0.5194528400918134    0.5182728385615915  0.5274406090283091    0.526120428462127  0.5102654934965569    0.5050015302218822  0.522813675592961    0.5188973221117061  0.5235648523335884    0.5229013006885999
87  0.19059835876840694    0.18587175368139222  0.17790176974564925    0.17074618473895584  0.2012058072289156    0.19694993306559566  0.20027918340026774    0.19621874163319947  0.2030422275769746    0.20032851405622493  0.5191066381025249    0.5182728385615915  0.5271503840856924    0.526120428462127  0.5104935516449884    0.5050015302218822  0.5227782876817139    0.5187735271614384  0.5236700795715379    0.5229013006885999
88  0.1891352797858099    0.18587175368139222  0.17594187416331994    0.17074618473895584  0.19861336278447117    0.19694993306559566  0.20073140829986613    0.19621874163319947  0.20245355020080325    0.20032851405622493  0.5197915745983167    0.5182728385615915  0.526583130833971    0.526120428462127  0.5090823764345829    0.5050015302218822  0.5211516143840857    0.5180084162203519  0.5244853052792655    0.5229013006885999
89  0.1905044203480589    0.18587175368139222  0.1743488139223561    0.17074618473895584  0.20056986345381522    0.19694993306559566  0.200538765729585    0.19621874163319947  0.20356440696117808    0.20032851405622493  0.5189437000765111    0.5182728385615915  0.5268179938791124    0.526120428462127  0.5077724697781179    0.50117597551645  0.5195941224177506    0.5180084162203519  0.5241180275439938    0.5229013006885999
90  0.18986721552878177    0.18587175368139222  0.1724081419009371    0.17074618473895584  0.19943349397590357    0.19694993306559566  0.19958133868808567    0.19621874163319947  0.20171300401606426    0.20032851405622493  0.5188734445294567    0.5182728385615915  0.5273406136189748    0.526120428462127  0.5057676419280795    0.50117597551645  0.5188390175975516    0.5180084162203519  0.5235637566947208    0.5229013006885999
91  0.18797466934404283    0.18587175368139222  0.1739975983935743    0.17074618473895584  0.1997014136546184    0.19694993306559566  0.20070448728246318    0.19621874163319947  0.2062577884872825    0.20032851405622493  0.5185790925784238    0.5182728385615915  0.5269631981637337    0.526120428462127  0.5045976801836267    0.50117597551645  0.5190743274674827    0.5143066564651874  0.5240330895179801    0.5229013006885999
92  0.1902159625167336    0.18587175368139222  0.17301444444444447    0.17074618473895584  0.19947904685408294    0.19694993306559566  0.19861938688085676    0.19621874163319947  0.20186194377510042    0.20032851405622493  0.5198303672532518    0.5182728385615915  0.5275386472838561    0.526120428462127  0.504123689364958    0.50117597551645  0.5195303167559295    0.5143066564651874  0.5239277704667177    0.5229013006885999
93  0.18869617135207495    0.18587175368139222  0.17600547255689425    0.17074618473895584  0.20180303614457828    0.19694993306559566  0.19855813922356091    0.19621874163319947  0.20356809638554219    0.20032851405622493  0.5193055026778883    0.5182728385615915  0.5264788416220353    0.526120428462127  0.5029220872226473    0.50117597551645  0.5181625738332057    0.5143066564651874  0.523659791889824    0.5229013006885999
94  0.18990543239625166    0.18587175368139222  0.17277443641231596    0.17074618473895584  0.2015516787148594    0.19694993306559566  0.2000462409638554    0.19621874163319947  0.20221391164658636    0.20032851405622493  0.5194615394032135    0.5177342004590665  0.5264710022953328    0.526120428462127  0.501838013771997    0.50117597551645  0.5161198485080336    0.5143066564651874  0.523168454475899    0.5229013006885999
95  0.19122068005354753    0.18587175368139222  0.17280520214190095    0.17074618473895584  0.20127868273092364    0.19694993306559566  0.19987330388219543    0.19621874163319947  0.20620257563587685    0.20032851405622493  0.5201188890589136    0.5161390971690895  0.5270141407804132    0.526120428462127  0.5017481453710789    0.50117597551645  0.5160641591430757    0.5143066564651874  0.5239470099464423    0.5229013006885999
96  0.18843228380187416    0.18587175368139222  0.17408917804551544    0.17074618473895584  0.20265858634538148    0.19694993306559566  0.200730562248996    0.19621874163319947  0.2038759009370817    0.20032851405622493  0.5200288064269319    0.5161390971690895  0.5274867039020659    0.526120428462127  0.5028526610558532    0.50117597551645  0.5149685891354245    0.5143066564651874  0.523535663351186    0.5229013006885999
97  0.18934174297188755    0.18587175368139222  0.17470464257028112    0.17074618473895584  0.20009847657295846    0.19694993306559566  0.20034645247657296    0.19621874163319947  0.20346944310575638    0.20032851405622493  0.5193207039020658    0.5146737566947207  0.5268684269319052    0.526120428462127  0.5020880244835503    0.49781132364192815  0.5155109579188981    0.5143066564651874  0.5237740856924255    0.5229013006885999
98  0.19020885943775098    0.18453306559571622  0.1760702998661312    0.16522061579651942  0.2020066586345381    0.19694993306559566  0.20299645247657294    0.19621874163319947  0.20294344578313253    0.20032851405622493  0.5175146840091813    0.5146737566947207  0.5266386197398623    0.526120428462127  0.5015843810252487    0.49781132364192815  0.5150974200459065    0.5143066564651874  0.524050429992349    0.5229013006885999
99  0.1897933253012048    0.1653855421686747  0.1749525327978581    0.16281338688085678  0.20004136546184736    0.19694993306559566  0.19823557697456493    0.19621874163319947  0.20429440428380188    0.20032851405622493  0.5172014751338944    0.5131813312930373  0.5265751247130834    0.526120428462127  0.5022417566947208    0.49781132364192815  0.5153536205049731    0.5143066564651874  0.5236496740627391    0.5229013006885999
